1     0.664    11.44
2     0.303    7.70
3     0.209    9.68
5     0.24     0.69
6     0.20     1.37
7     0.24     0.59
8     0.50     0.98
9     0.37     8.67
10    1.6      1.81
11    0.15     2.50
12    0.54     0.51
13    0.25     0.64
14    0.57     5.18
15    0.11     5.92
16    0.46     0.93
17    0.20     1.27
18    0.20     1.01
19    0.15     0.42
22    0.8      18.45
23    3.7      60.84
24    0.33     8.56
25    0.34     105.42
27    0.972    69.57
28    0.51     4.80
29    0.4      4.35
30    0.6      0.13
31    1.3      0.64
32    0.7      0.13
33    0.6      0.19
34    0.49     2.12
35    2.5      40.33
