#-------------------------------------------
#     NAME               W50      R_LUM14
#                        (ms)  (mJy kpc^2)
#-------------------------------------------
1     B0011+47        88.700     9.46e+00
2     J0021-0909      23.800     8.38e+01
3     B0021-72C        0.664     1.14e+01
4     B0021-72D        0.303     7.70e+00
5     B0021-72J        0.209     9.68e+00

6     J0026+6320       8.100     4.38e+01
7     J0034-0534       0.650     1.11e+00
8     B0031-07        37.700     1.18e+01
9     B0037+56        12.200     3.51e+00
10    J0045-7042      19.000     3.92e+02

11    J0045-7319      20.000     1.07e+03
12    J0051+0423      25.600     7.78e-01
13    B0052+51        73.000     1.22e+01
14    B0059+65        89.700     7.50e+00
15    J0108-1431      26.000     6.17e-02

16    B0105+65        22.500     4.07e+00
17    J0111-7131      13.000     2.14e+02
18    B0114+58         4.100     9.38e-01
19    J0131-7310       4.800     5.35e+02
20    J0134-2937       1.900     2.44e+03

21    J0139+5621      42.000     1.16e-01
22    B0136+57         5.200     3.11e+01
23    B0138+59        34.900     2.38e+01
24    B0144+59         7.000     9.51e+00
25    B0148-06       117.200     1.00e+03

26    B0149-16        14.600     1.78e+00
27    B0154+61        33.400     6.06e+00
28    J0205+6449       2.300     4.61e-01
29    B0203-40         4.900     1.27e+00
30    J0211-8159      48.500     6.96e-01

31    J0218+4232       1.010     8.93e+00
32    B0226+70        34.000     9.24e-01
33    J0248+6021      26.000     5.48e+01
34    B0254-53         7.500     1.15e+01
35    B0301+19        42.000     8.25e+00

36    B0320+39        42.700     8.16e-01
37    B0329+54         6.600     5.83e+02
38    B0331+45         6.100     4.76e+00
39    J0343-3000      35.300     3.30e+00
40    B0339+53        44.900     8.72e-01

41    J0344-0901      17.100     3.52e-01
42    B0353+52        12.500     2.42e+01
43    B0355+54         3.900     2.30e+01
44    B0403-76        20.300     3.91e+00
45    B0402+61        18.400     5.79e+01

46    B0410+69         4.400     9.36e-01
47    J0421-0345      25.000     2.41e+00
48    J0435+2749      53.000     5.55e-01
49    J0437-4715       0.141     3.69e+00
50    J0448-2749      10.500     6.54e+00

51    J0449-7031       7.900     3.46e+02
52    B0447-12        24.800     3.78e+00
53    J0451-67         5.500     1.24e+02
54    B0450-18        26.800     2.69e+00
55    B0450+55         8.100     1.81e+01

56    J0456-7031       8.000     1.24e+02
57    J0457-6337      36.000     3.20e-01
58    J0459-0210      10.100     1.54e-02
59    B0458+46        22.700     4.35e+00
60    J0511-6508      12.000     4.01e-01

61    J0517+2212      28.000     1.16e-02
62    J0519-6932       4.100     3.46e+02
63    J0520-2553       9.500     4.53e+00
64    J0522-6847      12.000     4.69e+02
65    B0523+11        13.900     5.76e+00

66    B0525+21       151.900     1.31e+01
67    J0529-0715      11.900     6.13e+00
68    B0529-66        24.000     7.41e+02
69    J0532-6639       9.000     1.98e+02
70    J0533+0402      15.000     3.30e+00

71    B0531+21         3.000     5.60e+01
72    J0534-6703      25.000     1.98e+02
73    B0538-75        57.100     1.72e-01
74    J0538+2817       2.700     3.21e+00
75    J0540+3207      12.000     6.87e-01

76    B0540-69        18.000     5.93e+01
77    J0540-7125      30.000     8.98e-02
78    B0540+23         5.300     2.62e+01
79    J0543-6851      58.000     5.43e+02
80    J0555-7056      27.000     5.19e+02

81    B0559-05        15.800     1.13e+01
82    J0610-2100       0.200     4.25e+00
83    J0611+1436      11.600     8.71e-01
84    B0609+37         5.300     1.14e+00
85    J0613-0200       0.462     1.37e+00

86    J0613+3731      11.000     4.50e-03
87    B0611+22         6.200     4.21e+01
88    J0621+0336       3.440     2.90e+00
89    J0621+1002       0.690     3.35e-01
90    J0623+0340      18.780     5.10e-01

91    B0621-04         5.200     5.26e+00
92    J0627+0649       6.330     6.08e+00
93    J0627+0706       5.200     7.28e+00
94    J0628+0909       8.000     1.82e-01
95    B0626+24         8.800     3.12e+01

96    J0630-0046       5.710     1.81e+00
97    B0628-28        63.300     3.27e+00
98    J0631+1036       6.500     3.99e+00
99    J0633-2015      60.000     2.70e+00
100   J0636-4549      15.400     1.47e-02

101   J0645+5158       0.086     4.53e-01
102   J0646+0905      20.270     2.30e+01
103   J0647+0913      11.620     1.28e+00
104   J0652-0142      23.890     2.20e+00
105   B0643+80        13.900     2.21e+00

106   J0656-2228      13.300     7.90e+00
107   J0656-5449       6.100     5.54e-02
108   J0658+0022      12.670     7.27e-01
109   B0656+14        14.600     2.24e-01
110   B0655+64         6.000     5.12e-02

111   J0709-5923       2.800     4.13e-02
112   J0711-6830       1.092     4.16e-02
113   J0719-2545      12.500     7.70e+01
114   J0721-2038       0.640     1.51e+00
115   J0725-1635       4.100     2.55e+00

116   J0726-2612      13.400     1.68e+00
117   J0729-1448       8.400     5.96e+00
118   B0727-18         5.500     7.60e+00
119   J0733-2345      19.000     1.23e+00
120   J0737-2202       6.300     4.40e+00

121   J0737-3039A     14.300     1.94e+00
122   J0737-3039B     58.000     1.57e+00
123   B0736-40        22.700     2.53e+02
124   B0740-28         4.200     1.04e+02
125   B0743-53        10.700     1.60e+00

126   J0746-4529      19.400     1.31e-01
127   J0749-4247      14.000     1.57e-01
128   J0751+1807       0.700     3.94e+00
129   B0751+32        12.200     1.29e+00
130   B0756-15         3.400     1.91e+01

131   J0803-0942       8.210     6.83e-02
132   J0804-3647      37.950     3.26e+00
133   J0807-5421      10.200     3.15e-01
134   J0808-3937      13.190     1.42e+00
135   B0808-47         8.100     1.09e+02

136   J0812-3905      37.060     1.29e+01
137   B0809+74        41.400     1.87e+00
138   J0818-3049       6.410     6.22e-02
139   J0818-3232      23.400     3.28e-01
140   B0818-13        21.700     2.17e+01

141   J0820-3826       5.600     8.18e+00
142   J0820-3921      62.900     5.12e+00
143   B0818-41       138.500     1.63e+00
144   J0821-4221      15.500     2.69e+01
145   B0820+02        19.500     2.50e+01

146   B0823+26         5.800     2.48e+00
147   B0826-34       740.000     3.13e-02
148   J0831-4406       6.100     1.49e+01
149   J0834-4159       4.700     8.49e+00
150   J0835-3707       4.900     8.62e-02

151   B0833-45         1.400     8.23e+01
152   J0836-4233      14.210     1.68e+00
153   B0834+06        24.800     1.80e-01
154   B0835-41         4.400     7.88e+01
155   J0838-2621       6.000     8.41e+00

156   J0838-3947      57.000     2.86e+00
157   B0839-53        21.800     5.45e-01
158   B0840-48         6.300     1.06e+01
159   J0843-5022       4.500     1.73e+00
160   B0844-35        18.600     1.43e+00

161   J0849-6322       5.000     1.47e-01
162   B0853-33        22.800     1.52e-01
163   J0855-4644       4.200     8.90e+00
164   J0855-4658      11.000     4.34e+01
165   B0855-61        16.800     4.52e-01

166   J0857-4424       9.300     7.87e+00
167   J0900-3144       0.800     2.38e+00
168   J0901-4624       3.100     4.69e+00
169   B0901-63        16.700     2.18e-01
170   B0903-42        21.000     2.73e-01

171   B0904-74        16.600     2.20e+00
172   J0905-4536     166.100     4.24e+00
173   J0905-5127       7.400     1.86e+00
174   J0905-6019       5.300     3.87e-02
175   B0905-51        12.100     1.98e+00

176   B0906-17         8.600     2.59e+00
177   B0906-49         0.900     2.00e+01
178   B0909-71        13.300     1.07e+00
179   J0912-3851      35.600     1.20e-02
180   J0919-6040      23.700     2.52e-02

181   B0917+63        38.000     5.03e-01
182   B0919+06         5.900     1.21e+01
183   J0922-4949       6.900     3.79e+00
184   J0922-52         0.790     2.02e-02
185   B0922-52        13.100     2.89e-01

186   B0923-58        40.500     6.87e-02
187   J0927+2345      13.500     7.14e-02
188   J0932-3217      13.400     5.14e-02
189   J0932-5327      59.000     1.95e-02
190   J0934-4154      10.000     8.43e-02

191   B0932-52        22.500     3.90e-01
192   J0940-5428       2.600     9.38e-02
193   J0941-5244      15.400     7.92e-02
194   B0940-55         9.000     9.90e-01
195   B0941-56         4.000     1.65e-01

196   B0940+16        53.200     2.87e+00
197   J0943+2253      11.500     4.93e+00
198   B0942-13         6.900     2.82e-01
199   J0945-4833       4.600     4.83e-02
200   J0947+2740      40.000     8.12e+01

201   J0949-6902       3.700     8.44e-01
202   B0950-38        33.600     1.11e+00
203   B0950+08         8.900     6.81e+00
204   J0954-5430       9.700     9.56e-02
205   B0953-52         7.800     1.51e-01

206   J0957-5432       3.600     3.63e-02
207   B0957-47        94.200     5.21e-01
208   J1000-5149       4.500     4.19e-03
209   B0959-54         7.200     9.00e-01
210   J1001-5559      14.800     2.61e-01

211   J1001-5939      39.000     2.31e-01
212   J1002-5559      25.000     1.28e+00
213   J1002-5919      61.300     1.71e+00
214   B1001-47         6.300     1.95e-01
215   J1012+5307       0.720     1.57e+00

216   J1012-5830      31.000     6.27e-01
217   B1011-58         7.300     1.83e+01
218   J1013-5934       4.300     2.57e+01
219   J1015-5719      44.300     2.24e+01
220   B1014-53         6.800     1.51e-02

221   J1016-5819       2.700     2.41e+00
222   J1016-5857       2.900     9.00e+00
223   B1015-56         2.900     2.22e+01
224   J1017-7156       0.060     6.51e-02
225   B1016-16        21.100     4.38e+02

226   J1019-5749      56.200     4.53e+02
227   J1020-5921      16.900     1.76e-01
228   J1020-6026      14.000     2.66e+00
229   J1021-5601      52.000     2.18e+00
230   J1022+1001       0.972     2.54e+00

231   J1022-5813      36.000     3.60e+00
232   J1024-0719       0.521     3.42e+00
233   J1028-5819       0.100     4.86e-01
234   J1031-6117      10.000     1.37e+00
235   J1032-5206      21.000     8.35e-01

236   B1030-58        20.000     9.93e+00
237   J1034-3224     251.900     2.14e+01
238   J1035-6345       8.200     1.13e+00
239   J1036-4926       9.900     4.28e+00
240   J1036-6559       8.300     1.26e+00

241   J1038+0032       2.100     7.07e+00
242   B1036-58        14.200     1.93e+00
243   B1039-19        48.900     1.48e+01
244   B1039-55        25.000     4.82e+00
245   J1043-6116       4.200     1.30e+01

246   J1045-4509       0.840     3.17e-01
247   J1046+0304      23.000     1.01e+01
248   B1044-57         7.900     7.67e+00
249   J1047-3032      23.200     5.06e+00
250   J1047-6709       2.200     9.66e+00

251   B1046-58         4.800     7.65e+01
252   J1049-5833      30.000     6.32e+00
253   J1052-5954       2.300     1.45e+00
254   J1052-6348      10.000     4.37e-01
255   J1054-5943       4.800     2.07e+00

256   J1054-5946       6.700     1.08e+00
257   J1054-6452      22.000     1.37e+00
258   J1055-6022      23.200     2.59e+00
259   J1055-6028       2.900     1.39e+01
260   J1055-6236       7.300     4.25e-01

261   J1055-6905      39.700     1.24e+00
262   J1056-5709      16.000     1.03e+00
263   B1054-62        17.400     1.96e+02
264   J1056-7117       5.000     9.71e-01
265   B1055-52        88.700     3.81e-02

266   B1056-78        21.000     1.24e+00
267   J1058-5957      15.600     4.02e+00
268   B1056-57        17.400     5.41e+00
269   J1101-6424       0.540     1.28e+00
270   J1103-5403       0.140     5.10e-01

271   J1103-6025       5.500     9.61e-01
272   J1104-6103       4.900     4.23e-01
273   J1105-4353      13.107     3.05e-03
274   J1105-6107       2.800     6.68e+00
275   J1106-6438      27.000     8.81e-01

276   J1107-5907       9.300     2.38e-03
277   B1105-59        38.300     1.10e+00
278   J1107-6143      26.000     3.28e+00
279   B1107-56        20.200     1.98e+01
280   J1112-6103      11.300     4.66e+01

281   B1110-65        13.100     1.09e+01
282   B1110-69        24.800     2.59e+00
283   B1112-60        27.400     1.41e+02
284   B1112+50        16.600     2.56e+00
285   J1115-6052       4.000     2.29e+00

286   B1114-41         9.200     4.70e-01
287   J1117-6154       3.900     2.53e+01
288   J1117-6447      61.000     1.06e+00
289   J1119-6127      21.500     7.69e+01
290   B1118-79        35.500     4.64e-01

291   B1119-54        18.900     8.10e+00
292   J1123-4844       7.400     3.45e+00
293   J1123-6102       6.900     1.34e+01
294   J1123-6259       5.300     2.44e+00
295   J1123-6651      16.800     1.68e+00

296   J1124-5638      15.000     2.16e+00
297   J1124-6421      13.000     1.39e+00
298   J1125-5825       0.310     2.62e+00
299   J1125-6014       0.210     4.89e-02
300   B1124-60         3.500     8.24e+00

301   J1126-6942       7.900     4.21e-01
302   J1128-6219      93.000     1.48e+01
303   J1130-5826       4.000     1.04e+00
304   J1130-5925      16.000     6.84e-01
305   J1130-6807      17.000     2.14e+00

306   J1132-4700      17.600     3.54e+00
307   J1132-5627       4.900     7.63e-01
308   B1131-62       257.700     3.88e+02
309   B1133+16         5.900     2.76e+00
310   B1133-55        13.600     1.39e+01

311   J1136-6527      19.600     5.35e-01
312   J1137-6700      86.800     1.02e+01
313   J1138-6207       7.800     2.95e+01
314   J1141-3107      19.000     4.90e-01
315   J1141-3322      10.900     5.49e+00

316   J1141-6545       4.400     2.40e+02
317   J1142-6230      30.000     3.15e+00
318   J1143-5158       7.900     1.72e+00
319   J1143-5536      10.700     9.86e-01
320   J1144-6146      33.000     8.76e-01

321   J1144-6217      10.000     1.40e+00
322   B1143-60        10.400     8.54e+00
323   J1147-66         0.790     2.56e+00
324   J1148-5725      51.000     5.11e-01
325   J1148-6415      37.000     3.61e-01

326   J1151-6108       5.650     2.95e-01
327   J1152-5800      16.000     5.58e-01
328   J1152-6012       9.600     3.18e-01
329   J1154-6250       5.900     1.29e-01
330   J1156-5707       2.600     2.19e+00

331   B1154-62        11.300     2.24e+02
332   J1159-6409     210.000     1.95e+00
333   J1159-7910      12.300     1.81e+00
334   J1201-6306      13.000     1.18e+01
335   B1159-58         8.800     1.07e+01

336   J1204-6843       7.800     1.82e+00
337   J1210-5559       4.700     1.29e+01
338   J1210-6322      66.000     1.38e+01
339   J1210-6550      39.000     1.45e-01
340   J1211-6324      15.000     2.92e+01

341   J1214-5830       9.400     4.96e-01
342   J1215-5328      34.800     5.36e+00
343   J1216-6223      10.600     7.72e+01
344   J1216-6410       0.220     6.04e-02
345   J1220-6318      58.000     5.44e+01

346   J1222-5738      28.000     2.18e-01
347   J1223-5856      63.300     8.58e+00
348   J1224-6208      10.000     2.24e+01
349   B1221-63         5.500     1.42e+02
350   J1225-5556      17.800     1.12e+00

351   J1225-6035       3.900     1.25e+00
352   B1222-63         4.500     1.74e+02
353   J1227-6208       1.300     1.97e+01
354   J1231-4609      41.900     1.00e+01
355   J1231-6303     174.200     1.03e+02

356   J1232-6501      11.000     1.00e+01
357   J1233-6312      57.000     2.51e+01
358   J1233-6344      12.000     7.54e+00
359   B1232-55        44.000     3.03e+00
360   J1235-6354      10.000     1.70e+01

361   J1236-5033       9.800     4.55e+00
362   J1237-6725      53.400     3.69e+00
363   B1237+25        44.500     1.64e+01
364   B1236-68        16.600     2.38e+00
365   B1237-41         4.000     1.70e+00

366   J1243-5735      12.000     2.80e+01
367   B1240-64         5.000     1.37e+02
368   J1244-5053       5.400     2.34e+00
369   J1244-6359       9.800     1.08e+01
370   J1244-6531      21.000     2.01e+01

371   J1245-6238      62.000     1.39e+01
372   J1246+2253       9.700     2.37e+00
373   J1248-6344      12.000     2.29e+01
374   J1248-6444      54.300     5.34e+00
375   J1249-6507      11.000     2.62e+00

376   J1251-7407       2.500     6.92e-01
377   J1252-6314      20.000     3.53e+01
378   J1253-5820       3.500     1.10e+01
379   J1254-6150       3.500     3.52e-01
380   J1255-6131       8.600     3.03e+00

381   J1255-62        34.800     5.07e+01
382   B1254-10         6.000     7.50e+02
383   B1256-67        21.400     3.22e+00
384   B1257+12         0.660     1.01e+00
385   J1300-6602      22.100     2.88e+01

386   J1301-6305      22.300     5.63e+01
387   J1301-6310      11.000     2.34e-01
388   J1302-63         7.000     6.25e+01
389   J1302-6313      93.000     2.31e+01
390   B1259-63        23.400     3.12e+01

391   J1303-6305      38.000     3.78e+01
392   J1305-6203      14.600     9.02e+01
393   J1305-6256      19.000     2.00e+02
394   B1302-64        14.400     2.97e+02
395   J1306-6242      33.000     1.83e+01

396   B1303-66        20.400     1.26e+03
397   J1307-6318     505.000     1.63e+02
398   J1308-5844       5.900     8.77e+00
399   J1309-6415      26.000     3.01e+01
400   J1309-6526      10.000     1.90e+01

401   B1309-12         6.700     3.12e+02
402   J1312-6400      34.000     1.75e+00
403   J1314-6101      59.000     2.99e+01
404   J1316-6232     119.000     4.62e+02
405   J1317-6302      10.200     2.61e+02

406   B1316-60         4.400     1.83e+02
407   J1319-6105      13.000     1.25e+02
408   J1320-3512       9.800     3.58e+00
409   B1317-53         7.600     1.02e+01
410   J1321-5922      26.000     1.19e+02

411   B1322+83        19.600     1.06e+00
412   J1322-6241       8.700     5.54e+01
413   J1322-6329      34.000     2.60e+01
414   J1324-6146      72.000     4.56e+02
415   J1324-6302      18.000     3.14e+01

416   B1323-58         5.600     1.62e+02
417   B1323-63         7.700     2.73e+02
418   B1322-66        41.900     6.17e+02
419   B1323-62         8.800     3.36e+02
420   B1323-627        4.800     1.62e+02

421   J1327-6400      11.500     3.54e+01
422   B1325-43        10.400     8.92e+00
423   J1329-6158      31.000     3.10e+01
424   J1331-5245      27.900     2.39e+01
425   J1332-3032      34.000     2.33e-01

426   J1333-4449       1.300     6.17e-01
427   J1334-5839       4.100     3.86e+00
428   J1337-6306      12.000     1.84e+01
429   J1337-6423       0.730     1.02e+01
430   B1334-61        89.500     9.02e+02

431   J1339-4712       1.900     1.03e+00
432   J1339-6618      26.000     1.23e+01
433   B1336-64        14.100     1.77e+00
434   J1341-6023       9.200     3.34e+01
435   B1338-62         7.700     4.29e+02

436   J1342+2822A      0.240     6.86e-01
437   J1342+2822B      0.200     1.37e+00
438   J1342+2822C      0.240     5.88e-01
439   J1342+2822D      0.500     9.80e-01
440   J1344-5855      13.000     7.84e+00

441   J1344-6059      29.000     1.04e+01
442   J1345-6115      27.000     1.83e+01
443   J1346-4918      10.000     3.20e+00
444   J1347-5947      11.000     2.65e+01
445   J1348-6307      79.000     5.77e+01

446   J1349-6130       4.000     2.29e+01
447   J1352-6803      27.100     9.80e+01
448   J1354-6249      57.000     6.39e+00
449   J1355-5747      29.000     1.49e+01
450   J1355-5925      21.000     2.86e+01

451   J1355-6206      19.000     3.07e+01
452   J1356-5521      15.400     4.82e+01
453   B1353-62        18.200     5.55e+02
454   J1357-6429      15.000     5.00e+00
455   B1356-60         2.500     3.12e+02

456   B1358-63         9.100     2.30e+01
457   J1403-6310      18.000     2.09e+01
458   J1403-7646      94.300     2.25e+01
459   J1404+1159      58.000     1.34e+00
460   J1405-5641      12.000     1.53e+01

461   J1406-5806      49.000     2.60e+01
462   J1406-6121      11.700     2.34e+01
463   J1407-6048      21.000     1.24e+01
464   J1407-6153      57.000     2.42e+01
465   J1409-6953      23.800     2.30e+01

466   J1410-6132      17.000     3.47e+02
467   J1410-7404       1.100     2.14e+00
468   J1412-6111      12.000     1.23e+01
469   J1412-6145      10.200     3.49e+01
470   J1413-6141      13.400     5.92e+01

471   J1413-6222      23.000     1.64e+02
472   B1409-62         3.100     1.11e+01
473   J1415-6621       6.900     5.44e+01
474   J1416-5033      13.900     2.02e-01
475   J1416-6037      13.000     1.81e+01

476   J1418-3921      20.400     1.67e+01
477   J1418-5945      64.000     6.79e+00
478   J1420-5625       1.300     2.30e-01
479   J1420-6048       8.500     3.77e+01
480   J1424-5556      22.000     1.46e+01

481   J1424-5822       9.000     5.83e+01
482   J1424-6438      68.000     8.87e+00
483   J1425-5723       7.100     2.72e-01
484   J1425-5759       9.600     5.25e+00
485   J1425-6210      11.000     8.92e+00

486   J1427-4158      13.700     6.24e+00
487   B1424-55        12.200     2.34e+01
488   J1429-5935      14.000     6.50e+00
489   J1430-5712      10.000     1.40e+00
490   B1426-66         3.900     2.88e+01

491   J1431-5740       0.176     4.43e+00
492   J1432-5032      63.300     8.36e+00
493   J1433-6038      35.000     8.90e+00
494   J1434-5943      42.900     1.75e+00
495   J1434-6006       5.500     6.73e+00

496   J1434-6029      19.000     3.24e+00
497   J1435-5954      16.200     1.81e+00
498   J1435-6100       1.100     1.98e+00
499   J1437-5959       7.000     5.47e+00
500   J1437-6146      17.000     4.34e+00

501   J1439-5501       1.700     1.80e-01
502   B1436-63         9.700     9.26e+00
503   J1441-6137      18.000     2.26e+00
504   J1443-5122      40.100     5.32e+00
505   J1444-5941      47.000     6.21e+00

506   J1446-4701       0.100     1.13e+00
507   J1449-5846      15.000     4.87e+00
508   J1452-5851       7.500     6.69e+00
509   J1452-6036       1.500     7.15e+01
510   B1449-64         3.100     1.41e+02

511   J1454-5846       2.900     2.14e+00
512   J1455-3330       0.800     1.22e+00
513   B1451-68        12.400     1.18e+01
514   J1457-5900      62.000     3.35e+00
515   J1457-5902       8.400     1.05e+01

516   J1501-5637      25.000     5.12e+00
517   J1502-5653       7.200     6.12e+00
518   J1502-5828      22.000     2.52e+01
519   J1502-6128      29.000     1.51e+01
520   J1502-6752       2.970     4.12e+01

521   J1504-5621      11.000     2.92e+00
522   J1504-5659      49.000     1.40e+01
523   B1504-43         3.900     1.75e+00
524   J1507-5800       8.700     6.95e+00
525   B1503-66         2.800     1.38e+01

526   B1508+55        10.900     3.53e+01
527   J1509-5850       5.500     2.39e+00
528   J1509-6015      13.000     2.09e+01
529   J1511-5414       5.900     4.43e+00
530   J1511-5835      16.000     1.32e+01

531   J1512-5431     110.000     9.94e+00
532   B1508-57         4.900     3.64e+02
533   J1513-5739      21.000     2.67e+01
534   B1509-58        14.500     2.77e+01
535   J1513-6013      35.300     1.26e+01

536   B1510-48         8.000     2.01e+00
537   J1514-5316       5.160     1.06e-01
538   J1514-5925       3.800     4.45e+00
539   J1515-5720       7.000     9.21e+00
540   J1517-4356      10.800     1.00e+01

541   J1517-4636      15.500     1.77e+01
542   B1516+02A        0.370     8.67e+00
543   B1516+02B        1.600     1.81e+00
544   J1518+0204C      0.150     2.50e+00
545   J1518+0204D      0.540     5.12e-01

546   J1518+0204E      0.250     6.40e-01
547   J1518-3952       9.000     1.12e+02
548   J1518+4904       1.420     3.72e+00
549   J1518-5415       4.000     1.14e+00
550   J1519-5734      40.000     2.11e+01

551   J1519-6106      25.000     4.84e+00
552   J1519-6308      22.000     4.89e+01
553   J1522-5525      10.000     1.00e+00
554   B1518-58        13.200     9.04e+01
555   J1524-5625       8.000     1.46e+01

556   J1524-5706      14.300     2.49e+01
557   J1524-5819      13.000     5.12e+00
558   J1525-5417      15.000     4.29e+00
559   J1525-5523      31.000     2.06e+00
560   J1525-5545       0.540     3.25e+00

561   J1525-5605      25.000     6.55e+00
562   J1526-5633      13.000     2.53e+00
563   B1523-55        17.000     2.38e+01
564   J1528-3146       0.400     2.40e-01
565   J1528-4109       7.200     1.78e+01

566   J1528-5547      52.900     1.40e+00
567   J1529-3828       1.230     2.95e+00
568   J1529-5355      56.000     1.44e+01
569   J1529-5611      42.000     1.54e+00
570   J1530-5327       7.900     1.16e+00

571   J1530-6343      11.000     4.85e+01
572   J1531-4012       6.900     3.63e+01
573   J1531-5610       4.900     7.02e+00
574   B1530+27        25.700     2.30e+00
575   J1532-5308      26.000     3.66e+00

576   J1532-56        27.000     1.97e+00
577   J1534-4428      11.900     6.51e+01
578   B1530-53        12.200     4.46e+00
579   B1530-539        4.300     1.97e+01
580   J1535-4114      14.800     2.23e+01

581   J1535-5450       9.400     2.65e+00
582   J1535-5848       5.800     3.09e+00
583   J1536-3602      79.900     3.76e+02
584   J1536-5433      33.500     1.97e+01
585   J1536-5907      13.000     1.46e+01

586   B1534+12         0.310     6.63e-01
587   J1537-4912      22.000     1.31e+00
588   J1537-5153      23.000     5.27e-01
589   J1537-5312       1.840     4.27e+00
590   J1537-5645      67.000     7.17e+01

591   J1538-5438      11.000     2.43e+00
592   J1538-5519      86.000     1.48e+01
593   J1538-5551       7.400     1.18e+01
594   J1538-5621      34.100     1.54e+00
595   J1538-5638      46.000     1.39e+01

596   J1538-5732       5.000     4.11e+00
597   J1538-5750       4.700     3.81e-01
598   J1539-4828      19.800     2.40e+00
599   J1539-5521      23.000     3.38e+00
600   B1535-56         7.600     6.25e+01

601   J1540-5736      14.000     9.67e+00
602   J1541-5535       4.900     7.99e+00
603   J1542-5034       5.300     2.24e+00
604   J1542-5133      35.000     4.45e+00
605   J1542-5303      54.000     1.01e+01

606   B1540-06         6.300     2.08e+01
607   B1541+09        46.200     2.05e+02
608   J1543-5013      15.000     5.74e+00
609   J1543-5149       0.270     7.25e-01
610   J1543-5459      10.700     1.76e+01

611   B1541-52         4.000     4.34e+00
612   J1545-4550       0.128     4.39e+00
613   J1546-5302       8.800     9.10e+00
614   J1546-59         0.670     3.02e+00
615   J1547-5709       0.149     2.47e+00

616   J1547-5750      39.000     2.76e+00
617   J1547-5839      13.000     1.33e+01
618   J1548-4821      12.000     6.03e+00
619   J1548-4927      12.000     8.54e+00
620   J1548-5607       4.300     4.52e+01

621   J1549-4848       5.900     2.74e+00
622   J1549-5722      13.000     8.17e-01
623   J1550-5242      11.000     1.02e+01
624   J1550-5317      85.000     1.92e+01
625   J1551-4424      31.600     4.96e+00

626   J1551-5310      33.200     2.49e+01
627   J1551-6214       2.800     4.75e+00
628   J1552-4937       0.900     1.31e+00
629   B1550-54         8.400     1.29e+01
630   J1554-5512      63.000     4.50e+00

631   B1552-23        10.800     1.26e+01
632   B1552-31        27.300     1.07e+02
633   J1556-5358      29.000     1.34e+01
634   J1557-4258       3.800     2.01e+02
635   J1557-5151      28.900     1.30e+01

636   J1558-5419      22.000     2.21e+01
637   J1558-5756       9.500     2.10e+00
638   B1556-44         6.500     1.96e+02
639   B1555-55         9.000     1.23e+01
640   J1600-3053       0.094     9.76e+00

641   B1557-50         4.300     1.00e+03
642   B1556-57         9.900     4.37e+01
643   J1600-5916     127.000     1.06e+01
644   J1601-5244      62.000     2.17e+00
645   J1601-5335       5.900     3.20e+00

646   J1602-4957      29.000     6.18e+00
647   B1558-50         4.300     4.48e+02
648   B1600-27        14.500     9.04e+00
649   J1603-3539      10.800     1.51e+01
650   J1603-5312      24.400     2.42e+00

651   J1603-5657       2.500     4.08e+01
652   J1603-7202       1.206     9.83e-01
653   J1604-4718      11.000     3.24e-01
654   B1600-49         3.800     6.34e+01
655   J1605-5215      26.000     5.69e+00

656   B1601-52        59.800     1.80e+01
657   B1604-00         9.800     2.01e+00
658   J1607-5140      20.000     6.81e+00
659   J1607-6449       3.000     2.61e+00
660   J1609-1930      13.800     9.62e-01

661   J1609-4616       5.600     5.34e+00
662   J1609-5158     100.000     1.13e+01
663   J1610-5006      42.000     5.13e+01
664   J1610-5303      44.000     2.18e+01
665   J1611-4811      33.000     1.93e+00

666   J1611-4949      18.000     3.04e+01
667   B1607-52         1.100     1.26e+01
668   J1611-5847       2.800     6.76e-01
669   J1612-2408       7.200     3.77e+00
670   J1612-49        28.700     6.34e+00

671   J1612-5022      15.200     3.67e+00
672   J1612-5136     125.000     8.95e+00
673   J1612-55        37.600     5.27e+00
674   J1612-5805       3.600     9.21e+00
675   B1609-47         8.900     1.74e+01

676   J1613-5211      14.000     6.46e+00
677   J1613-5234      31.000     1.54e+01
678   B1612+07        11.900     1.59e+00
679   J1614-3846      24.471     5.78e+00
680   J1614-3937      14.400     7.94e+01

681   B1610-50         8.400     1.09e+02
682   J1614-5144      68.000     6.01e+00
683   J1614-5402      14.000     8.49e+00
684   J1615-4958       9.130     2.42e+00
685   J1615-5444       6.500     2.79e+01

686   B1611-55         5.500     8.15e+00
687   J1616-5017       9.760     2.06e+00
688   J1616-5109     220.000     5.62e+01
689   J1616-5208      43.000     1.59e+01
690   J1617-4216      38.000     1.49e+01

691   J1617-4608       7.700     1.84e+01
692   J1617-5055       8.600     6.07e+00
693   J1618-4624       0.291     2.53e+00
694   J1618-4723      10.500     9.54e+00
695   J1620-5414      26.000     5.09e-01

696   J1621-5039      20.000     5.52e+00
697   J1621-5243      17.000     1.12e+01
698   J1622-3751      24.400     2.69e+01
699   J1622-4332      32.000     5.05e+01
700   J1622-4347       9.800     4.57e+00

701   J1622-4802      17.000     2.60e+01
702   J1622-4845      17.500     2.70e+00
703   J1622-4944      34.000     1.52e+01
704   J1622-6617       0.780     9.83e+00
705   B1620-09        14.700     1.67e+00

706   B1620-26         0.570     5.18e+00
707   B1620-42         9.600     1.25e+03
708   J1623-4949      11.000     4.05e+00
709   J1624-4411       8.100     5.37e+00
710   J1624-4613     168.000     8.91e+00

711   J1624-4721      18.000     4.76e+00
712   J1625-4904      13.000     5.51e+00
713   J1625-4913      10.400     5.61e+00
714   J1626-4537      10.100     2.97e+01
715   J1626-4807      62.500     2.06e+01

716   J1626-6621       2.600     2.91e+00
717   J1627-4706       9.000     7.39e+00
718   J1627-4845      36.000     1.14e+01
719   J1627-49        69.300     3.99e+00
720   J1627-51         9.800     1.12e+00

721   J1627-5547      14.000     1.66e+01
722   J1627-5936      80.300     1.84e+01
723   J1628-4804      39.000     5.69e+01
724   J1628-4828     240.000     1.31e+01
725   J1629-3636      11.600     3.58e+00

726   J1629-3825       7.000     1.19e+01
727   J1630-4719      10.000     1.36e+01
728   B1626-47        82.700     2.47e+02
729   J1631-4155      14.000     2.22e+01
730   J1632-1013      20.100     1.58e+01

731   J1632-4509      18.000     2.12e+01
732   J1632-4621      11.900     8.16e+01
733   J1632-4757      17.000     1.19e+01
734   J1632-4818      47.700     1.35e+01
735   B1630-44         7.600     5.80e+02

736   J1633-4805      48.000     8.76e+00
737   B1629-50         6.200     2.74e+02
738   J1634-4229      15.000     5.69e+01
739   J1634-49        43.500     1.78e+01
740   J1634-5107      14.000     2.60e+00

741   J1634-5640       7.500     8.95e+00
742   J1635-1511      34.400     1.04e+00
743   B1633+24        17.400     2.37e+00
744   J1635-4513      75.000     1.50e+01
745   J1635-4944      40.000     2.17e+01

746   B1630-59        23.200     9.37e+01
747   J1636-2614       7.273     1.27e+01
748   J1636-4440      10.100     4.50e+01
749   J1636-4803      44.000     2.49e+01
750   J1636-4933      17.000     4.71e+01

751   J1637-4335      40.000     1.12e+02
752   J1637-4450      14.000     5.22e+01
753   B1634-45         3.100     1.78e+01
754   J1637-4642      15.100     1.81e+01
755   J1637-4721      21.000     8.19e+00

756   J1637-4816      67.000     4.01e+01
757   J1638-3815      57.000     2.44e+02
758   J1638-3951      61.700     4.53e+01
759   J1638-4233      18.000     1.72e+02
760   J1638-4344      34.000     3.82e+00

761   J1638-44        31.600     2.33e+01
762   J1638-4417       4.600     4.34e+01
763   J1638-4608       5.200     9.40e+00
764   J1638-4725      52.000     7.20e+00
765   J1638-5226      13.000     1.07e+01

766   J1639-4359      24.000     2.20e+01
767   B1635-45        18.700     1.43e+01
768   J1640+2224       0.220     4.59e+00
769   J1640-4648      15.000     5.19e+00
770   B1636-47        21.300     3.76e+01

771   J1640-4951      13.000     1.47e+01
772   J1641-2347      47.000     1.62e+00
773   B1639+36A        0.110     5.92e+00
774   B1639+36B        0.460     9.29e-01
775   J1641+3627C      0.200     1.27e+00

776   J1641+3627D      0.200     1.01e+00
777   J1641+3627E      0.150     4.22e-01
778   J1643-1224       0.314     2.56e+00
779   J1643-4505       9.000     1.01e+01
780   J1643-4522      21.000     2.34e+00

781   J1643-4550      15.000     6.52e+00
782   B1641-45         8.000     6.08e+03
783   J1644-4657      40.300     2.69e+01
784   B1642-03         3.400     1.70e+02
785   J1646-4308     185.000     8.62e+01

786   B1643-43        10.900     4.85e+01
787   J1646-5123      15.000     2.05e+01
788   B1641-68        74.900     7.60e+00
789   J1647-3607      10.000     5.08e+01
790   J1648-3256       9.800     3.17e+01

791   J1648-4458      42.000     1.67e+01
792   J1648-4611      10.900     1.22e+01
793   J1648-6044      10.200     2.17e+01
794   J1649-3805       8.000     1.25e+02
795   J1649-3935      22.800     9.06e+00

796   J1649-4349      26.000     1.46e+01
797   J1649-4653      11.900     9.12e+00
798   J1649-4729      18.000     5.95e+01
799   J1649-5553      47.900     1.89e+02
800   J1650-1654      44.200     1.22e+00

801   J1650-4126       7.600     6.88e+00
802   J1650-4341      20.000     7.42e+00
803   J1650-4502       5.200     9.36e+00
804   J1650-4921       3.000     8.17e+00
805   B1648-17        27.400     2.10e-01

806   B1648-42       102.200     5.79e+02
807   J1651-4519      52.000     1.38e+01
808   B1647-52        16.100     1.62e+02
809   B1647-528       20.800     1.11e+02
810   J1651-7642      75.600     5.96e+01

811   J1652-1400       9.500     1.43e-01
812   B1649-23        29.800     1.82e+01
813   B1650-38         2.400     5.92e+01
814   J1653-4030     122.000     1.18e+02
815   J1653-4105      22.800     5.29e+01

816   J1653-4249      11.900     3.00e+01
817   J1653-4315     105.000     8.50e+00
818   J1653-4854      75.000     4.15e+01
819   J1654-2713      11.700     7.33e+00
820   J1654-3710      18.000     7.95e+01

821   J1654-4140      19.000     1.53e+01
822   J1654-4245      31.000     1.57e+01
823   J1655-3048      81.600     2.52e+02
824   J1655-3844      95.500     9.06e+01
825   J1656-3621      20.000     3.34e+01

826   J1657-4432      13.000     7.89e+00
827   J1658-4306      97.000     2.21e+01
828   J1658-47        27.400     9.88e+01
829   J1658-4958      12.200     5.97e+01
830   J1659-4316      11.000     5.22e+00

831   J1659-4439      18.000     6.76e+01
832   J1700-3312      31.700     8.73e+01
833   J1700-3611      22.000     6.90e+01
834   J1700-3919      14.000     3.11e+01
835   J1700-4012      16.000     5.83e+00

836   J1700-4422      47.200     1.80e+01
837   J1700-4939      13.000     4.04e+01
838   B1658-37        40.900     6.87e+02
839   B1657-45        18.300     1.19e+03
840   J1701-4958     128.700     3.05e+01

841   J1702-3932      14.000     6.92e+01
842   J1702-4128      10.000     1.84e+01
843   J1702-4217      41.000     1.11e+01
844   J1702-4306       5.900     1.17e+01
845   J1702-4310      11.500     1.72e+01

846   J1702-4428      74.000     4.73e+01
847   B1700-18        11.400     5.71e+00
848   B1700-32        37.700     8.73e+01
849   J1703-4442      12.000     5.73e+00
850   J1703-4851       9.700     2.37e+01

851   J1704-3756      11.700     3.11e+01
852   J1704-5236       7.273     5.44e+01
853   B1702-19       154.200     5.19e+00
854   J1705-3423      11.700     7.82e+01
855   J1705-3936      22.000     3.09e+01

856   J1705-3950      22.100     1.88e+01
857   J1705-4108      40.400     4.63e+01
858   J1705-4331      10.000     4.74e+00
859   J1705-6135     165.700     1.24e+01
860   J1706-3839      26.000     6.23e+01

861   J1706-4310      16.000     8.63e+01
862   J1706-4434      11.800     7.19e+01
863   B1703-40        30.700     1.63e+02
864   J1707-4341      12.000     7.78e+01
865   J1707-4729       4.700     3.95e+02

866   J1708-3426      21.000     4.46e+01
867   J1708-3506       0.550     1.44e+01
868   J1708-3641      21.800     1.54e+01
869   J1708-3827      40.000     1.78e+02
870   J1708-4522      17.000     1.17e+02

871   B1706-16         7.600     4.58e+00
872   J1709+2313       0.340     9.50e-01
873   J1709-3626      17.000     1.50e+02
874   J1709-3841      19.000     5.73e+00
875   J1709-4342      50.000     5.82e+00

876   J1709-4401      10.100     1.69e+01
877   B1706-44         5.700     8.18e+01
878   J1710-2616      87.500     2.54e+01
879   J1710-37        61.400     3.71e+00
880   J1710-4148      12.000     1.60e+01

881   B1709-15        12.200     8.18e-01
882   J1711-3826      24.000     2.75e+00
883   J1711-4322       7.000     4.13e+00
884   J1713+0747       0.110     1.20e+01
885   J1713-3844      17.000     5.09e+00

886   J1713-3949      12.000     5.28e+00
887   J1714-1054       6.200     2.31e-02
888   J1715-3247      60.000     1.31e+00
889   J1715-3700     110.000     9.30e+00
890   J1715-3859      61.000     1.46e+01

891   J1715-3903       5.400     9.22e+00
892   J1715-4034      77.100     2.92e+01
893   J1715-4254      26.000     2.47e+01
894   J1716-3720      14.000     1.18e+01
895   J1716-4005      13.400     4.11e+01

896   J1716-4111      12.000     4.23e+00
897   J1716-4711       3.200     1.44e+02
898   B1714-34        11.500     2.44e+03
899   J1717-3737      22.000     1.30e+01
900   J1717-3847     287.000     7.54e+00

901   J1717-3953     299.000     6.41e+01
902   J1717-4043      41.000     1.10e+02
903   J1717-40435     38.000     1.13e+02
904   B1713-40         9.600     5.83e+01
905   J1717-5800      11.400     6.30e+01

906   J1718-3714      96.000     6.52e+00
907   J1718-3718     152.000     6.14e+00
908   J1718-3825       1.600     2.07e+01
909   J1718-41        28.400     9.41e+00
910   J1718-4539      11.000     1.52e+01

911   J1719-1438       0.300     4.88e-02
912   J1719-2330       8.900     2.92e+00
913   B1715-40         5.100     1.35e+02
914   J1719-4302       5.700     6.68e+01
915   B1718-02        59.000     5.56e+00

916   B1717-16        16.200     1.07e+00
917   B1717-29        14.500     2.64e+00
918   J1720-36         8.410     1.14e+00
919   J1720-3659       7.500     1.14e+01
920   B1718-19        20.600     2.22e+01

921   J1721-2457       0.920     1.08e+00
922   B1718-35        29.800     3.55e+02
923   B1718-32         5.200     4.63e+01
924   B1718-36        18.700     4.30e+01
925   B1719-37         3.700     2.33e+01

926   J1722-4400       4.000     1.81e+01
927   J1723-2837       0.200     9.48e-01
928   J1723-2852      50.000     2.96e+00
929   J1723-3659       6.900     2.57e+01
930   J1723-38        13.700     3.75e+00

931   J1724-3149      32.000     1.23e+02
932   J1724-3505      24.000     1.10e+01
933   J1724-4500      28.000     2.71e+00
934   J1725-0732       9.800     4.53e-03
935   J1725-2852      37.000     4.52e+00

936   J1725-3546      33.000     1.40e+01
937   J1725-3848      32.000     2.40e+00
938   J1725-4043      50.000     6.78e+00
939   J1726-3530      37.000     8.70e+00
940   J1726-3635       7.800     6.81e+00

941   J1726-4006      20.000     1.86e+01
942   J1727-2739      87.300     2.72e+01
943   J1727-2946       1.800     8.85e-01
944   J1727-2951      11.400     1.51e+01
945   J1728-3733       8.100     3.95e+00

946   J1728-4028     102.000     5.72e+01
947   J1730-2304       0.965     1.54e+00
948   J1730-2900      23.000     1.89e+01
949   B1727-33         7.100     5.23e+01
950   J1730-3353      54.000     4.55e+00

951   J1730-34        25.900     6.25e-01
952   J1731-1847       0.130     8.46e+00
953   J1731-3123      19.000     1.52e+01
954   J1731-3322      33.500     3.08e+00
955   B1727-47        17.100     1.32e+01

956   J1732-1930      16.000     2.08e+00
957   J1732-3426      14.000     4.51e+00
958   J1732-35         6.600     2.12e+00
959   J1732-3729      40.000     3.71e+01
960   B1729-41        13.400     5.76e+01

961   J1732-4156      21.000     2.92e+01
962   J1732-5049       0.292     5.98e+00
963   B1730-22        61.300     4.88e+00
964   J1733-2533      35.000     1.45e+01
965   J1733-2837      12.000     1.57e+00

966   J1733-3030      16.000     8.50e+01
967   J1733-3322      34.300     1.44e+01
968   B1730-37         3.900     3.57e+01
969   J1733-4005      14.000     1.81e+02
970   J1733-5515      45.500     5.33e+00

971   J1734-2415      31.000     3.42e+00
972   J1734-2859       8.720     1.68e+01
973   J1734-3058      10.700     1.54e+00
974   J1734-3333     230.600     9.75e+00
975   B1732-07         4.500     1.02e+02

976   J1735-3258      95.300     8.66e+00
977   J1736-2457      62.000     1.70e+01
978   J1736-2819      21.000     5.78e+00
979   J1736-2843     145.000     4.66e+01
980   J1736-3511      15.000     1.24e+00

981   J1737-3102      15.000     7.78e+00
982   J1737-3137      16.300     1.52e+01
983   J1737-3320      42.000     6.27e+01
984   B1734-35         5.400     6.20e+00
985   J1738+0333       0.430     1.45e+00

986   J1738-2330      35.000     8.65e+00
987   J1738-2647      12.000     7.49e+00
988   J1738-2736      13.700     2.44e+01
989   J1738-2955       6.000     2.87e+00
990   J1738-3107      34.000     5.97e+00

991   B1735-32        11.300     3.90e+00
992   J1738-3316      91.000     7.76e+00
993   J1739+0612       9.600     5.00e+02
994   J1739-1313       7.100     4.86e-01
995   B1736-29         6.000     3.81e+01

996   J1739-3023       2.900     9.54e+00
997   J1739-3049      18.800     9.59e+00
998   B1736-31        20.700     1.21e+02
999   J1739-3159      55.800     2.02e+01
1000  J1739-3951       9.000     7.38e-02

1001  J1740+1000       8.400     4.06e+00
1002  B1737+13        25.900     3.66e+01
1003  J1740-2540      30.000     3.63e+01
1004  B1737-30         2.400     1.42e+00
1005  J1740-3052       8.900     1.58e+01

1006  J1740-3327      11.000     5.27e+00
1007  B1738-08        57.900     1.79e+01
1008  J1741+1351       0.160     1.08e+00
1009  J1741-2719      14.000     2.67e+01
1010  J1741-2733      40.900     1.70e+01

1011  J1741-2945      10.700     8.28e+00
1012  J1741-3016      35.200     3.00e+01
1013  J1741-34        19.100     4.14e+00
1014  B1737-39        10.500     1.18e+02
1015  J1742-3957      65.000     9.10e+00

1016  J1742-4616      21.800     4.85e+01
1017  B1740-03         6.500     2.00e-02
1018  B1740-13        14.600     6.11e+00
1019  J1743-2442      75.000     5.90e+00
1020  B1740-31        42.300     2.33e+01

1021  J1743-3153      11.700     4.67e+01
1022  J1743-35        16.900     8.04e-01
1023  J1743-4212       8.900     4.77e+01
1024  J1744-1134       0.137     4.99e-01
1025  J1744-2335      26.000     1.48e+00

1026  J1744-3130      16.000     7.64e+00
1027  J1744-3922       3.400     2.27e+00
1028  J1744-5337       7.600     3.09e+01
1029  J1745-0952       1.800     1.94e-02
1030  J1745-2229      14.000     3.15e+01

1031  B1742-30         6.100     8.40e-01
1032  J1745-3812       8.100     4.60e+00
1033  J1746-27        29.900     2.59e+00
1034  J1746-2849      31.000     2.70e+01
1035  J1746-2850      45.000     2.52e+01

1036  J1747-2647      66.000     5.80e+01
1037  J1747-2802      27.300     1.33e+01
1038  J1747-2958       7.000     1.59e+00
1039  B1745-12        12.300     1.15e+01
1040  B1745-20A       87.000     2.51e+01

1041  J1748-2444       5.200     5.03e+00
1042  B1744-24A        0.800     1.85e+01
1043  J1748-30        25.500     3.06e+01
1044  J1749-2347       9.100     2.08e+01
1045  J1749-2629      46.400     1.23e+01

1046  B1746-30        41.700     6.65e+02
1047  J1749-4931       5.200     3.92e-01
1048  J1749-5417      12.133     3.45e+00
1049  J1750-2043     358.000     1.88e+01
1050  J1750-2438       9.600     8.25e+01

1051  J1750-2444      32.000     6.37e+00
1052  J1750-28        16.800     1.49e+00
1053  B1747-31         7.100     3.20e+01
1054  J1750-3503      67.000     2.72e+01
1055  J1751-2516      27.300     5.90e+00

1056  J1751-2857       0.250     7.12e-02
1057  J1751-3323       5.900     3.88e+02
1058  B1747-46        11.500     3.60e+00
1059  J1752-2410       7.100     7.23e+01
1060  B1749-28         6.100     1.91e+00

1061  J1752-2821      11.500     9.46e+00
1062  J1753-1914      10.000     1.10e+00
1063  J1753-2240       3.000     1.57e+00
1064  B1750-24        57.000     6.48e+01
1065  J1754-3443      12.000     2.47e+01

1066  J1754-3510       4.100     3.11e+00
1067  B1753+52        11.400     6.25e+01
1068  J1755-1650      14.000     2.77e+00
1069  J1755-2025       6.000     4.59e+01
1070  J1755-2521      13.400     8.30e+00

1071  J1755-25211     20.000     4.34e+00
1072  J1755-2534      15.000     3.29e+00
1073  J1755-2550      11.700     4.78e+00
1074  J1755-26        16.300     2.18e+00
1075  J1755-2725      23.800     3.65e+00

1076  J1755-3716       3.900     3.55e+01
1077  J1756+1822      32.000     8.75e+00
1078  J1756-2225      19.000     5.71e+00
1079  J1756-2251       0.780     3.20e-01
1080  B1753-24        25.000     2.94e+01

1081  J1756-25        25.400     4.55e+00
1082  J1756-2619      18.000     2.61e+00
1083  J1757-1500       2.100     1.60e+00
1084  J1757-1854       0.705     9.56e+01
1085  J1757-2223       1.300     1.11e+01

1086  B1754-24         9.600     7.03e+01
1087  J1757-27         0.490     4.63e+00
1088  J1758-1931      21.000     7.85e+00
1089  J1758-2206      16.600     9.31e+01
1090  J1758-2540     120.000     7.56e+00

1091  J1758-2630      15.600     7.76e+00
1092  J1758-2846       4.400     8.05e-01
1093  J1759-1736      18.000     2.90e+00
1094  J1759-1903      34.000     7.61e+01
1095  J1759-1940      19.600     5.74e+01

1096  J1759-1956      37.900     8.75e+00
1097  B1756-22         3.900     1.38e+01
1098  J1759-2302      52.200     4.35e+01
1099  J1759-2307      22.400     2.00e+01
1100  J1759-24        72.300     1.19e+01

1101  J1759-2549      15.600     1.45e+01
1102  J1759-2922      10.000     3.27e+00
1103  J1759-3107      16.000     8.77e+00
1104  J1800-0125      27.400     3.05e-01
1105  J1800-2114      90.000     7.79e+01

1106  B1758-03        11.400     2.31e+01
1107  J1801-1417       0.600     2.08e-01
1108  J1801-1855      41.900     1.89e+02
1109  J1801-1909      40.000     1.20e+01
1110  J1801-2115      47.000     4.20e+01

1111  J1801-2154       8.400     3.59e+00
1112  B1758-23       128.300     1.12e+02
1113  B1757-24         4.600     2.11e+01
1114  B1758-29        49.600     2.36e+01
1115  J1801-3210       0.620     1.20e+01

1116  J1801-3458      47.000     3.85e+00
1117  J1802-0523      64.400     2.48e+00
1118  J1802-1745       8.800     9.14e+00
1119  J1802-2124       0.370     4.45e-01
1120  J1802-2426      22.200     9.95e+01

1121  J1802-3346      76.600     3.74e+01
1122  J1803-1616      19.000     5.80e+01
1123  J1803-1857      25.600     4.65e+01
1124  J1803-1920      12.000     4.24e+01
1125  B1800-21        13.100     1.86e+02

1126  B1800-27        17.000     1.44e+01
1127  B1802-07         3.700     6.08e+01
1128  J1804-2228      27.300     3.29e+00
1129  J1804-2717       1.550     2.59e-01
1130  J1805-0619      11.500     2.57e+01

1131  J1805-1504     229.000     1.08e+02
1132  J1805-2032      26.300     3.14e+01
1133  J1805-2037      13.200     8.44e+00
1134  J1805-2447      11.000     5.65e+00
1135  J1805-2948       9.200     4.21e+00

1136  B1804-12        30.000     2.44e+01
1137  J1806-1618      34.000     2.27e+01
1138  J1806-1920     659.900     2.29e+02
1139  J1806-2125      29.200     1.91e+01
1140  B1804-08         8.300     4.09e+01

1141  J1807-2459A      0.330     8.56e+00
1142  B1804-27         9.700     2.15e+02
1143  J1808-0813      20.400     2.52e+01
1144  J1808-1020       8.000     1.50e+01
1145  J1808-1517      21.800     6.49e+00

1146  J1808-1726      66.000     7.82e+01
1147  B1805-20        76.000     5.46e+01
1148  J1808-2701      23.000     1.10e+00
1149  J1808-3249       4.300     6.70e+01
1150  J1809-0743      13.500     5.88e+01

1151  J1809-1429      11.000     1.77e+02
1152  J1809-1850      55.000     4.36e+00
1153  J1809-1917      17.000     2.99e+01
1154  J1809-1943     150.000     8.81e+00
1155  J1809-2004      46.300     2.46e+01

1156  B1806-21        13.000     1.43e+01
1157  J1810-1441      14.000     9.58e+00
1158  J1810-1709     134.200     9.48e+01
1159  J1810-1820      13.600     1.26e+01
1160  J1810-2005       7.200     1.64e+01

1161  J1811-0154      21.600     8.64e+01
1162  J1811-1717      38.800     5.37e+00
1163  J1811-1736      23.400     2.55e+01
1164  J1811-1835      16.700     1.02e+01
1165  J1811-2405       0.110     1.24e+00

1166  J1811-2439      15.000     4.05e+00
1167  J1811-4930      11.100     8.38e-01
1168  B1810+02        13.200     1.55e+01
1169  B1809-173       16.400     1.49e+01
1170  B1809-176       65.200     9.79e+01

1171  J1812-1910      28.000     9.82e+00
1172  J1812-2102      40.800     2.92e+02
1173  J1812-2526      12.000     8.91e+01
1174  J1813-2113      13.100     1.34e+02
1175  J1813-2242      21.000     3.27e+01

1176  J1813-2621       0.660     5.90e+00
1177  B1811+40        12.200     2.66e+01
1178  J1814-0618      48.000     2.08e+01
1179  J1814-1649      27.100     3.52e+01
1180  J1814-1744      92.000     1.78e+01

1181  J1815-1738       6.400     9.55e+00
1182  J1815-1910      25.400     1.21e+01
1183  J1816-0755       6.000     1.67e+00
1184  J1816-1446      25.000     2.34e+01
1185  B1813-17        12.200     2.57e+01

1186  B1813-26        40.000     3.22e+01
1187  J1817-0743      13.000     9.51e-03
1188  J1817-1511      21.000     2.32e+01
1189  B1813-36         9.000     6.19e+01
1190  J1817-3837       4.500     1.15e+02

1191  J1818-0151      15.000     3.30e+01
1192  J1818-1116      25.000     8.46e+01
1193  B1815-14        17.100     2.86e+02
1194  J1818-1448      45.000     4.74e+00
1195  J1818-1519     130.400     6.04e+01

1196  J1818-1541      27.200     2.30e+01
1197  J1818-1556      26.000     5.88e+00
1198  J1819-0925      20.000     1.38e+02
1199  J1819-1008       9.900     6.42e+01
1200  J1819-1114      94.100     3.60e+01

1201  J1819-1131      64.000     4.03e+01
1202  J1819+1305      56.000     1.80e+01
1203  J1819-1318      23.000     1.05e-01
1204  J1819-1408     116.800     4.03e+01
1205  J1819-1510       6.900     1.02e+01

1206  J1819-17        87.100     4.95e-01
1207  J1819-1717      31.500     5.97e+00
1208  B1818-04        10.500     7.59e+01
1209  J1820-0509       9.000     2.78e+00
1210  B1817-13        33.000     6.97e+01

1211  J1820-1529      32.200     2.24e+01
1212  B1817-18        12.400     2.96e+02
1213  J1821-0256      10.000     1.90e+00
1214  J1821-1419      99.000     7.51e+00
1215  J1821-1432      37.000     4.53e+00

1216  J1822-0848      18.000     5.86e-01
1217  J1822-0907      28.000     3.10e+01
1218  J1822-1252     105.000     1.03e+01
1219  B1820-14         9.100     1.81e+01
1220  J1822-1617     115.000     4.42e+01

1221  B1819-22        43.700     4.04e+01
1222  J1822-4209      20.500     1.22e+01
1223  J1823-0154       8.100     2.17e+01
1224  B1821+05        10.200     6.80e+00
1225  B1820-11        26.000     9.23e+01

1226  J1823-1126      23.000     4.39e+01
1227  J1823-1347      34.600     1.41e+01
1228  J1823-1526      41.000     3.13e+01
1229  J1823-1807      34.600     4.02e+01
1230  B1820-30A        0.340     1.05e+02

1231  B1820-30B        6.000     1.02e+01
1232  B1820-31         3.600     1.41e+01
1233  J1824-0127      20.000     2.07e+00
1234  J1824-0132       7.400     1.15e+00
1235  B1821-11        23.000     4.71e+01

1236  J1824-1159      10.800     1.39e+01
1237  J1824-1350      19.400     1.76e+00
1238  J1824-1423       9.900     1.66e+01
1239  J1824-1500      18.000     5.91e+00
1240  B1821-19         1.300     1.07e+02

1241  J1824-2233      13.000     4.65e+00
1242  J1824-2328      35.000     1.98e+01
1243  B1821-24A        0.972     6.96e+01
1244  B1822+00        10.300     1.39e+00
1245  J1825-0319       0.149     2.98e+00

1246  B1822-09         9.800     9.18e-01
1247  J1825-1108      42.100     9.83e-01
1248  B1822-14         9.000     5.72e+01
1249  B1823-11       160.000     1.12e+01
1250  B1823-13         5.900     6.11e+01

1251  J1826-1526      13.400     1.02e+02
1252  J1826-2415       0.361     2.09e+00
1253  J1827-0750      10.000     2.89e+02
1254  J1827-0934      19.500     4.80e+00
1255  B1824-10        20.600     5.58e+01

1256  J1828-0611       8.400     2.20e+02
1257  J1828-1007       8.700     3.38e+00
1258  J1828-1057       9.900     4.39e+00
1259  J1828-1101       9.100     5.23e+01
1260  J1828-1336      34.600     1.64e+01

1261  J1828-2119      22.000     1.23e+02
1262  J1829+0000      16.000     9.83e+00
1263  J1829-0734       7.100     1.67e+01
1264  J1829-1011      98.800     6.10e+00
1265  B1826-17        13.500     3.88e+02

1266  J1830-0052       9.000     4.20e+00
1267  J1830-0131      11.000     4.29e+00
1268  J1830-10         5.360     1.17e+00
1269  B1828-11         2.000     1.49e+01
1270  J1830-1135      62.200     1.55e+01

1271  J1830-1313      38.000     4.15e+01
1272  J1830-1414      10.000     1.02e+01
1273  J1831-0823      11.900     1.51e+01
1274  J1831-0952       8.000     4.75e+00
1275  J1831-1223      92.100     2.85e+01

1276  J1831-1329      47.100     1.99e+01
1277  J1831-1423      23.000     1.95e+01
1278  J1832+0029       7.000     1.52e-01
1279  J1832-0644      27.300     7.52e+01
1280  B1829-08         3.800     1.08e+02

1281  J1832-0836       0.058     7.37e+00
1282  B1829-10         6.400     4.18e+01
1283  J1833-0209      17.400     1.07e+01
1284  B1831-03         4.800     1.75e+01
1285  J1833-0556      69.000     1.76e+01

1286  J1833-0559      41.400     3.05e+01
1287  B1830-08         2.200     1.40e+02
1288  J1833-1034       2.500     1.19e+00
1289  J1833-1055      24.200     2.96e+01
1290  B1831-00        30.200     3.26e+00

1291  J1834-0031       5.000     3.72e+00
1292  B1831-04        84.000     3.10e+01
1293  J1834-0602      16.800     3.22e+01
1294  J1834-0633     101.600     1.95e+01
1295  J1834-0731      37.600     2.18e+01

1296  J1834-0742      18.000     8.43e+00
1297  J1834-09        64.500     4.00e+00
1298  J1834-1202      63.000     2.62e+01
1299  J1834-1710      12.200     8.12e+00
1300  J1834-1855      32.000     2.57e+01

1301  J1835-0114       0.200     1.19e+00
1302  J1835-0349      15.000     4.86e+00
1303  J1835-0522      23.000     1.78e+01
1304  B1832-06        34.300     5.84e+01
1305  J1835-0847      46.000     1.51e+01

1306  J1835-0924      41.600     1.40e+01
1307  J1835-0944       7.000     1.07e+01
1308  J1835-0946       4.000     2.38e+00
1309  J1835-1020       5.000     1.57e+01
1310  J1835-1106       3.900     2.49e+01

1311  J1835-1548      17.000     2.30e+01
1312  B1834-04         9.300     3.80e+01
1313  J1836-0517      13.000     1.04e+01
1314  B1834-10         6.100     1.37e+02
1315  J1836-11        25.700     4.42e+00

1316  J1836-1324       2.000     1.32e+00
1317  J1837-0045       7.200     4.95e+00
1318  J1837+0053      49.000     6.14e+00
1319  J1837-0559       7.300     1.08e+01
1320  J1837-0604      14.700     1.71e+01

1321  B1834-06        50.300     5.99e+01
1322  J1837-0822      37.000     5.49e+00
1323  J1837+1221       7.600     2.18e+01
1324  J1837-1243      24.400     1.16e+01
1325  J1837-1837       6.700     4.18e+00

1326  J1838-0107      34.400     1.86e+00
1327  J1838-0453      11.800     1.76e+01
1328  J1838-0549       6.700     6.93e+00
1329  J1838-0624      36.000     3.31e+00
1330  J1838-1046      16.600     8.46e+00

1331  J1839-0223      45.300     4.08e+00
1332  J1839-0321       4.400     1.68e+01
1333  J1839-0402       7.000     3.83e+00
1334  J1839-0436       6.000     4.62e+00
1335  J1839-0459      11.700     4.75e+00

1336  J1839-0627      23.200     1.75e+00
1337  J1839-0643      20.600     3.71e+01
1338  J1839-0905      15.900     1.02e+01
1339  J1839-1238      30.000     5.85e+00
1340  J1840+0214      10.000     2.39e+00

1341  J1840-0445      22.400     7.68e+00
1342  J1840-0559      16.000     5.56e+00
1343  J1840-0626      37.000     5.25e+00
1344  J1840-0753     140.100     7.55e+01
1345  J1840-0809       7.400     8.24e+01

1346  J1840-0815      21.300     3.34e+01
1347  J1840-0840     188.000     4.46e+01
1348  J1840-1122      11.000     1.30e+01
1349  J1840-1207      15.000     3.07e+01
1350  B1839+56        27.100     8.40e+00

1351  J1841+0130       6.000     1.07e+00
1352  J1841-0157      21.000     5.09e+01
1353  J1841-0310      59.000     2.61e+00
1354  J1841-0345      11.200     1.85e+01
1355  B1838-04         4.300     6.39e+01

1356  J1841-0524      11.300     3.40e+00
1357  B1839+09         7.900     4.71e+00
1358  J1841-1404      17.000     3.63e+01
1359  J1841-7845      20.000     2.42e+00
1360  J1842-0153      21.400     2.92e+01

1361  J1842+0257      52.000     6.60e+00
1362  J1842-0309      43.000     1.86e+01
1363  J1842+0358       4.000     1.69e+00
1364  B1839-04       280.000     6.06e+01
1365  J1842-0415      11.000     4.62e+00

1366  J1842-0612      53.000     1.77e+01
1367  J1842+0638      13.000     5.35e+01
1368  J1842-0800      24.900     1.56e+00
1369  J1842-0905       5.360     9.81e+01
1370  J1842+1332      88.400     4.13e+01

1371  J1843-0000      24.900     4.21e+01
1372  J1843-0050      19.100     1.65e+01
1373  J1843-0137      17.000     1.53e+01
1374  J1843-0211      24.000     3.27e+01
1375  J1843-0355      19.100     2.99e+01

1376  J1843-0408      12.000     2.70e+00
1377  J1843-0459      53.900     4.54e+01
1378  J1843-0510      24.000     1.16e+00
1379  J1843-0702       2.400     4.95e+00
1380  J1843-0744       9.000     8.46e+00

1381  J1843-0806      21.000     6.70e+00
1382  J1843-1113       0.250     1.59e-01
1383  J1843-1448       1.000     6.87e+00
1384  J1843-1507       7.000     2.46e+01
1385  J1844+00        12.000     4.03e+02

1386  J1844-0030      16.000     4.58e+01
1387  B1842-02        17.300     2.66e+01
1388  J1844-0256      43.400     2.15e+01
1389  J1844-0302      19.000     3.32e+00
1390  J1844-0310      20.400     1.89e+01

1391  B1841-04        13.000     1.04e+01
1392  J1844-0452      16.000     6.14e+00
1393  J1844-0502      24.000     8.38e+00
1394  B1841-05         7.200     9.35e+01
1395  B1842+14        11.400     5.10e+00

1396  J1845-0316      12.000     8.97e+00
1397  B1842-04        15.100     4.19e+01
1398  J1845-0545      18.000     1.41e+01
1399  J1845+0623      13.000     7.98e+00
1400  J1845-0635      27.200     3.19e+01

1401  J1845-0743       1.800     1.87e+02
1402  J1845-0826      13.000     8.29e+00
1403  J1845-1114       4.000     2.34e+01
1404  J1845-1351      63.000     2.78e+01
1405  J1846+0051      28.200     5.43e+00

1406  J1846-0749       7.000     6.80e+01
1407  J1846-07492     19.000     3.41e+00
1408  J1846-4249      30.900     2.80e+00
1409  J1846-7403     609.900     1.81e+03
1410  J1847-0130     205.000     1.11e+01

1411  B1844-04        20.400     5.73e+01
1412  J1847-0438      11.300     9.58e+00
1413  J1847-0443       9.000     1.16e+01
1414  J1847-0605      13.100     1.50e+01
1415  J1848-0023      17.700     7.00e-01

1416  J1848-0055      27.900     1.04e+01
1417  B1845-01        16.100     2.94e+02
1418  J1848+0351      10.300     9.14e+00
1419  J1848-0511      99.000     3.10e+01
1420  J1848-0601       9.000     5.91e+01

1421  J1848+0604      46.000     5.56e+01
1422  J1848+0647      13.000     2.16e-01
1423  J1848+0826      19.000     1.64e+00
1424  J1848-1150      31.000     6.70e+00
1425  J1848-1414      11.700     1.66e+01

1426  J1849-0040      64.590     1.21e+01
1427  J1849+0127      17.000     1.01e+01
1428  J1849-0317      23.200     1.12e+00
1429  J1849+0409       9.000     8.71e-01
1430  J1849-0614      14.000     7.32e+00

1431  B1846-06        89.000     2.07e+01
1432  J1850-0006     139.000     2.54e+01
1433  J1850-0026      13.000     7.97e+01
1434  J1850+0026      12.600     2.46e+01
1435  J1850-0031      32.000     9.72e+00

1436  J1850+0423      24.700     1.35e+01
1437  B1848+13         4.700     3.76e+00
1438  J1851-0029      13.000     1.31e+01
1439  J1851-0053      15.300     7.36e-01
1440  J1851-0114      22.000     7.61e+00

1441  J1851+0118      24.000     3.19e+00
1442  J1851+0233      13.500     1.28e+01
1443  J1851-0241      35.000     1.26e+01
1444  B1848+04        71.000     1.10e+01
1445  J1851-0633       9.160     4.61e+00

1446  B1848+12        11.000     5.24e+00
1447  J1852+0008      16.000     5.78e+00
1448  J1852+0013      19.000     9.34e+00
1449  B1849+00       274.900     3.26e+02
1450  J1852-0118      24.000     7.82e+00

1451  J1852-0127      18.000     1.89e+01
1452  J1852+0305      15.600     3.27e+01
1453  J1852-0635      79.800     1.94e+02
1454  J1852-2610       8.200     8.47e+00
1455  J1853-0004       1.690     2.00e+01

1456  J1853+0011      10.500     6.76e+00
1457  J1853+0056       8.500     3.10e+00
1458  J1853+0505     100.000     9.16e+01
1459  J1853+0545       6.800     1.16e+02
1460  J1853+0853      50.000     1.76e+01

1461  J1853+1303       0.590     6.96e-01
1462  J1854+0317     109.300     6.07e+00
1463  J1854+0319      10.400     1.54e+01
1464  B1852+10        43.000     1.97e+02
1465  J1855+0205       7.600     9.57e+00

1466  J1855+0306      35.900     3.36e+00
1467  J1855+0307      12.000     3.42e+01
1468  J1855+0422      42.700     4.49e+01
1469  J1855+0527       3.000     3.29e+01
1470  J1855+0700       5.400     1.07e+01

1471  J1855-0941      22.900     3.36e+01
1472  J1856+0102      16.800     1.63e+01
1473  B1853+01         3.800     2.07e+00
1474  J1856+0245      14.600     2.32e+01
1475  J1856+0404       6.600     1.85e+01

1476  J1856-0526      28.000     6.44e+00
1477  B1854+00        22.000     5.80e+00
1478  J1857+0143      15.700     1.54e+01
1479  J1857+0210      16.000     1.58e+01
1480  B1855+02        14.000     1.02e+02

1481  J1857+0300      14.000     2.22e+00
1482  J1857+0526       9.700     9.92e+01
1483  J1857+0809      12.000     2.42e+01
1484  B1855+09         0.518     7.34e+00
1485  J1858+0215      32.500     1.15e+01

1486  J1858+0241      80.000     2.65e+00
1487  J1858+0319      10.600     1.37e+00
1488  J1858+0346      36.700     5.73e+00
1489  J1859+00        54.000     2.84e+02
1490  J1859+0601      24.320     1.24e+01

1491  J1859+0603      13.800     1.30e+01
1492  J1900-0051       5.600     8.05e+00
1493  J1900-0134      45.300     4.76e+00
1494  J1900+0227      17.300     6.73e+00
1495  J1900+0438      26.000     5.86e+00

1496  J1900+0634      11.100     1.77e+01
1497  J1900-0933      51.000     7.51e+01
1498  B1857-26        52.000     7.35e+00
1499  J1901+00        22.000     1.92e+01
1500  J1901+0124       8.255     1.31e+01

1501  B1859+01         6.100     3.96e+00
1502  J1901+0234      20.400     7.92e+00
1503  J1901+0254      70.000     1.07e+01
1504  J1901-0312       7.900     3.27e+00
1505  J1901-0315      10.000     6.42e+00

1506  J1901+0320      47.200     3.08e+01
1507  B1859+03        11.000     2.06e+02
1508  J1901+0355      12.000     6.70e+00
1509  J1901+0413      91.000     3.42e+01
1510  J1901+0435     315.000     4.49e+02

1511  J1901+0459      28.000     1.75e+01
1512  J1901+0510      56.860     2.31e+01
1513  J1901+0511      23.500     1.70e+00
1514  J1901+0621      43.000     4.07e+00
1515  B1859+07        11.000     1.04e+01

1516  J1901-0906      41.600     1.29e+01
1517  J1901-1740      59.300     2.40e-01
1518  J1902+0248      35.403     6.10e+00
1519  J1902-0340      25.000     3.61e+00
1520  B1900+05        11.000     1.56e+01

1521  B1900+06         3.400     7.84e+01
1522  J1902+0723      29.000     1.88e+00
1523  J1902-1036      11.800     1.87e+00
1524  B1900+01         9.900     5.99e+01
1525  J1903-0258       7.000     2.29e+00

1526  J1903+0601      12.000     9.01e+00
1527  J1903+0654      56.200     3.86e+00
1528  J1903+0925      89.000     7.83e+00
1529  J1904+0004       7.100     1.17e+02
1530  J1904-0150       5.000     2.53e+00

1531  J1904+0412       2.500     4.82e+00
1532  J1904+0738       2.900     8.71e+00
1533  J1904+0800       9.200     4.33e+01
1534  B1901+10        28.000     1.75e+01
1535  J1904-1224       5.800     1.59e+01

1536  J1904-1629      12.400     1.06e+02
1537  B1902-01         3.200     4.09e+01
1538  J1905+0154A      0.510     4.80e+00
1539  J1905+0400       0.590     5.66e-02
1540  J1905+0600      13.000     3.25e+01

1541  J1905+0616      21.000     1.25e+01
1542  B1903+07        32.200     4.71e+01
1543  J1905+0902       3.900     1.29e+01
1544  J1906+0414      20.000     2.33e+01
1545  J1906+0454       0.200     7.20e-01

1546  J1906+0509      21.200     6.69e-01
1547  B1904+06        16.700     1.37e+02
1548  J1906+0649      37.000     7.40e+00
1549  J1906+0746       0.600     3.01e+01
1550  J1906+0912      16.700     1.76e+01

1551  J1907+0249      21.700     3.52e+01
1552  J1907+0255      30.800     8.93e+00
1553  J1907+0345       6.300     1.53e+01
1554  J1907+0534       8.900     5.04e+01
1555  J1907+0631      14.800     2.89e+00

1556  J1907+0731      11.000     8.73e+00
1557  J1907+0740      13.200     1.38e+01
1558  J1907+0859      35.600     1.74e+00
1559  J1907+0918       1.600     1.35e+01
1560  J1907+1149      15.000     8.89e+00

1561  B1905+39        58.500     1.09e+01
1562  J1908+0457      42.000     1.18e+02
1563  J1908+0500       3.900     2.70e+01
1564  J1908+0734       2.800     2.42e-01
1565  J1908+0833      14.600     2.56e+01

1566  J1908+0839       5.100     3.35e+01
1567  J1908+0909       6.900     1.74e+01
1568  B1906+09        26.000     7.11e+00
1569  B1907+00         8.000     1.65e+01
1570  B1907+02        11.000     1.28e+01

1571  J1909+0616      32.500     3.02e+01
1572  J1909+0641       7.900     1.97e-01
1573  J1909+0749       5.200     1.55e+01
1574  J1909+0912      10.500     2.32e+01
1575  B1907+10         4.200     7.37e+01

1576  J1909+1148       4.600     4.57e+00
1577  J1909-3744       0.044     3.25e+00
1578  J1910-0112      50.000     4.60e+00
1579  J1910+0225      16.400     3.77e+01
1580  B1907-03         7.600     1.15e+02

1581  B1907+03       265.000     1.23e+01
1582  J1910+0517      13.000     6.07e+01
1583  J1910+0534      25.800     1.85e+02
1584  J1910+0714      22.000     4.87e+00
1585  J1910+0728      15.000     3.38e+01

1586  B1907+12        18.000     1.85e+01
1587  J1910+1256      14.000     1.12e+00
1588  J1910-5959A      0.400     4.35e+00
1589  J1910-5959B      0.600     1.33e-01
1590  J1910-5959C      1.300     6.35e-01

1591  J1910-5959D      0.700     1.33e-01
1592  J1910-5959E      0.600     1.87e-01
1593  J1911-1114       0.180     5.72e-01
1594  J1911+1347       0.150     1.49e-01
1595  B1910+10        15.000     3.80e+00

1596  B1910+20         9.900     9.08e+00
1597  B1911-04         8.100     1.11e+02
1598  J1913+0446      16.000     9.03e+00
1599  J1913+0618       0.470     2.06e+00
1600  J1913+0657      19.400     1.28e+00

1601  J1913+0832      77.100     6.06e+01
1602  J1913+0904       3.000     3.59e+00
1603  B1911+09        18.000     2.63e+00
1604  J1913+1000      32.000     3.12e+01
1605  J1913+1011       1.620     1.92e+01

1606  J1913+1050       4.500     1.78e+00
1607  J1913+1145      14.400     8.15e+01
1608  B1911+13         6.200     3.32e+01
1609  J1914+0219      16.000     3.19e+02
1610  J1914+0631      12.600     8.20e-01

1611  B1911+11        25.000     5.42e+00
1612  J1915+0227       7.000     4.22e+01
1613  J1915+0738      11.000     6.70e-01
1614  J1915+0752      24.000     2.67e+00
1615  J1915+0838      14.000     3.41e+01

1616  B1913+10         3.600     9.80e+01
1617  J1915+1410      15.000     6.81e+00
1618  B1913+16         7.400     1.56e+01
1619  J1916+0748      80.000     3.88e+02
1620  J1916+0844       8.300     5.33e+01

1621  J1916+0852      48.000     1.15e+01
1622  B1914+09         9.000     5.80e+00
1623  J1916+1023      72.000     2.16e+01
1624  B1913+105       20.000     1.46e+01
1625  J1916+1225       1.700     3.95e+00

1626  B1914+13         6.200     2.43e+01
1627  J1917+0834      68.000     4.70e-01
1628  B1915+13         3.800     2.35e+02
1629  J1917+1737       5.900     1.44e+00
1630  J1918-0642       0.740     7.16e-01

1631  B1916+14        28.000     1.70e+00
1632  B1917+00        10.100     2.77e+01
1633  J1919+0134      40.500     4.34e+02
1634  J1919+1314      11.500     3.80e+01
1635  J1919+1645      14.500     4.69e+00

1636  J1919+1745      62.400     3.18e+00
1637  J1919+2621       7.110     2.12e+01
1638  J1920-0950      39.200     7.65e+00
1639  J1920+1040      45.000     5.87e+01
1640  J1920+1110      10.200     1.47e+01

1641  J1921+0812       2.000     5.54e+00
1642  B1919+14        22.000     5.37e+00
1643  J1921+1544       6.300     1.72e+01
1644  J1921+1929       0.170     7.11e-01
1645  B1918+19        40.300     3.18e+01

1646  B1919+21        33.800     1.69e+00
1647  J1922+1131      23.000     1.43e+01
1648  J1922+1733       9.400     3.32e+01
1649  B1920+21        14.800     2.24e+01
1650  B1921+17        19.000     6.45e+00

1651  J1923+2515       0.540     3.17e-01
1652  J1924+1631      27.200     8.92e+00
1653  J1924+1639       7.200     5.30e+00
1654  J1925+1720       2.200     1.79e+00
1655  J1926-0652     202.000     2.82e+01

1656  J1926+0737      25.400     8.37e+00
1657  B1924+14        16.000     1.53e+01
1658  B1924+16        14.600     4.68e+01
1659  J1926+2016       9.700     4.32e+00
1660  J1927+0911       3.000     1.91e+01

1661  B1925+18        32.000     1.24e+01
1662  B1925+188        9.000     5.29e+00
1663  J1928+1245       0.280     2.96e+00
1664  J1928+1443      41.600     1.61e+00
1665  J1928+1746       3.400     5.25e+00

1666  J1928+1923      30.900     7.13e+01
1667  J1929+1357      11.500     5.00e+01
1668  J1929+1955      10.200     1.84e+01
1669  J1929+2121      15.000     1.62e+00
1670  B1927+13        17.000     7.23e+00

1671  J1930+17        68.600     2.61e+00
1672  J1930+1852      15.000     2.94e+00
1673  J1930+2441       0.320     8.54e-01
1674  J1931-0144      22.200     3.77e-01
1675  J1931+1439      64.200     3.00e+00

1676  B1929+15        11.000     5.79e+00
1677  J1931+1952      13.000     1.17e+01
1678  B1929+10         5.700     2.76e+00
1679  J1932+1500      50.700     1.54e+00
1680  J1932+1756       1.310     2.01e-01

1681  B1929+20         5.000     3.00e+01
1682  B1930+22         5.700     1.43e+02
1683  J1932-3655       5.100     3.16e+01
1684  B1930+13        29.000     1.55e+01
1685  J1933-6211       0.360     9.72e-01

1686  J1934+2352       4.200     9.23e+00
1687  J1935+1159     272.000     1.21e+01
1688  B1933+16         6.000     7.94e+02
1689  J1935+1726       0.800     3.61e+00
1690  B1933+17        24.000     3.76e+00

1691  J1935+2025       2.000     1.06e+01
1692  J1937+1505      46.000     5.41e+00
1693  J1937+1658       0.400     9.56e-01
1694  B1935+25        13.000     1.37e+01
1695  J1938+2010      25.000     8.00e+00

1696  J1938+2213       6.800     6.90e+00
1697  B1937+21         0.038     1.86e+02
1698  J1940+2245      13.000     9.80e+00
1699  J1940+2337       9.400     4.95e+00
1700  J1941+1341       9.000     5.07e+00

1701  J1941+2525      35.600     2.98e+01
1702  B1937-26         3.100     2.41e+01
1703  J1943+0609       9.200     7.48e+00
1704  B1940-12         9.500     1.74e+00
1705  J1944+0907       0.500     3.86e+00

1706  B1941-17        22.900     5.09e+00
1707  B1942-00        50.000     8.01e+00
1708  J1945+1211      48.800     9.02e+00
1709  J1946-1312      10.100     5.98e+00
1710  B1944+17        13.500     9.00e-01

1711  B1944+22        22.000     6.13e+00
1712  J1946+2535       8.600     3.31e+01
1713  B1943-29         9.300     4.88e+00
1714  J1947+0915      25.900     5.31e+00
1715  J1947+1957       6.500     3.66e+00

1716  J1948+2333       5.200     1.81e+01
1717  J1948+2551       9.200     4.71e+01
1718  B1946+35        19.300     4.86e+02
1719  J1949+2306      19.600     6.37e+00
1720  B1946-25        10.400     4.38e-01

1721  J1950+2414       0.340     6.29e+00
1722  J1952+2630       1.300     8.56e+00
1723  B1951+32         4.700     9.00e+00
1724  J1953+1846A      0.490     2.12e+00
1725  J1953+2732      26.300     6.06e+00

1726  J1954+2407       1.900     1.74e+00
1727  B1952+29         6.000     2.30e+00
1728  B1953+29         1.800     4.37e+01
1729  B1953+50         6.000     1.91e+01
1730  J1956+0838      14.900     1.00e+01

1731  B1957+20         0.035     7.84e-01
1732  B2000+32        17.500     5.00e+01
1733  B2000+40        24.800     2.00e+02
1734  J2004+2653      14.800     3.53e+00
1735  B2002+31        21.300     1.15e+02

1736  J2005-0020      38.000     2.36e+00
1737  J2005+3547      20.800     4.60e+01
1738  B2003-08        78.300     3.25e+01
1739  J2006+3102      11.800     9.83e+00
1740  J2007+2722      16.000     1.06e+02

1741  J2007+3120       8.700     5.82e+00
1742  J2009+3326      26.700     8.00e+00
1743  J2010-1323       0.280     6.15e+00
1744  J2010+2845      13.600     1.86e+01
1745  J2010+3051       0.230     4.16e+00

1746  J2010+3230      28.800     2.00e+01
1747  J2011+3331      30.600     2.84e+01
1748  J2013+3058       2.900     2.95e+00
1749  B2011+38        22.700     3.25e+02
1750  B2016+28        14.900     2.88e+01

1751  J2018+3431       6.700     1.06e+01
1752  J2021+3651       9.900     3.24e-01
1753  B2020+28        12.000     1.68e+02
1754  B2021+51         7.400     8.75e+01
1755  B2022+50         4.700     9.32e+00

1756  B2027+37        22.300     2.00e+01
1757  B2035+36        10.700     1.88e+01
1758  J2038-3816      24.500     3.86e+00
1759  B2036+53        23.700     2.01e+01
1760  B2043-04        20.800     6.64e+01

1761  B2044+15         9.600     1.77e+01
1762  B2045+56        14.000     5.65e+00
1763  B2045-16         9.800     1.99e+01
1764  J2050+1259      61.000     1.70e+00
1765  J2051-0827       0.440     6.04e+00

1766  J2053+1718       1.700     1.31e-02
1767  B2048-72        24.400     6.35e+00
1768  B2053+36         7.200     6.50e+01
1769  J2108-3429      13.800     7.54e+00
1770  B2106+44        27.200     1.02e+02

1771  B2110+27        13.000     2.24e+00
1772  B2111+46        32.100     8.98e+01
1773  B2113+14         7.700     5.00e+02
1774  J2124-3358       0.524     7.56e-01
1775  B2123-67        22.900     2.15e+01

1776  B2127+11A        2.500     4.03e+01
1777  J2129-5721       0.262     1.31e+01
1778  J2144-3933      16.500     2.05e-02
1779  J2145-0750       0.337     3.88e+00
1780  B2148+63        18.100     2.24e+01

1781  B2148+52        11.100     2.61e+01
1782  B2152-31        16.000     2.02e+00
1783  B2154+40        38.600     1.43e+02
1784  J2208+5500       8.600     3.67e+00
1785  B2210+29        51.200     5.62e+02

1786  J2217+5733      13.000     4.90e+00
1787  B2217+47         7.500     1.71e+01
1788  B2224+65        21.100     1.62e+00
1789  J2229+2643       0.580     2.92e+00
1790  J2229+6114       4.000     2.25e+00

1791  B2227+61        25.800     7.27e+00
1792  J2236-5527       0.195     1.19e+00
1793  J2240+5832      10.000     1.43e+02
1794  J2241-5236       0.070     1.81e+00
1795  B2241+69        25.800     1.61e+00

1796  J2248-0101       8.400     8.00e+00
1797  J2251-3711      40.000     2.71e-01
1798  B2255+58        14.800     8.28e+01
1799  B2303+30        17.400     4.16e+01
1800  B2306+55        26.900     8.18e+00

1801  B2310+42         8.800     1.69e+01
1802  J2317+1439       0.460     1.87e+01
1803  B2315+21        20.200     3.46e+00
1804  B2319+60       131.100     8.75e+01
1805  J2322-2650       0.110     8.26e-03

1806  J2323+1241       9.620     9.00e+01
1807  B2321-61        41.100     1.46e+00
1808  B2323+63       131.200     4.95e+01
1809  B2324+60        14.700     3.29e+01
1810  B2327-20         6.400     2.15e+00

1811  B2334+61        14.500     6.86e-01
1812  J2346-0609      48.600     2.74e+01
1813  B2351+61        10.400     2.97e+01

