#-------------------------------
#     W50          R_LUM14
#      (ms)        (mJy kpc^2)
#-------------------------------
9     37.7         11.78
14    25.6         0.78
18    26.0         0.06
24    1.9          2437.50
30    117.2        1000.00
32    14.6         1.78
35    4.9          1.27
36    48.5         0.70
41    7.5          11.46
43    42.0         8.25
48    35.3         3.30
53    20.3         3.91
60    10.5         6.54
62    24.8         3.78
64    26.8         2.69
68    10.1         0.02
73    9.5          4.53
75    13.9         5.76
76    151.9        13.14
80    15.0         3.30
83    57.1         0.17
87    30.0         0.09
88    5.3          26.21
93    15.8         11.28
100   6.2          42.09
104   5.2          5.26
106   5.2          7.28
110   63.3         3.27
111   6.5          3.99
113   15.4         0.01
120   13.3         7.90
121   6.1          0.06
123   14.6         0.22
125   2.8          0.04
127   12.5         76.99
130   13.4         1.68
131   8.4          5.96
132   5.5          7.60
137   22.7         253.44
138   4.2          104.00
139   10.7         1.60
140   19.4         0.13
141   14.0         0.16
144   3.4          19.09
147   10.2         0.31
149   8.1          109.44
155   23.4         0.33
156   21.7         21.66
157   5.6          8.18
158   62.9         5.12
159   138.5        1.63
160   15.5         26.93
161   19.5         25.00
165   4.7          8.49
167   1.4          82.32
169   24.8         0.18
170   4.4          78.75
171   6.0          8.41
173   21.8         0.54
174   6.3          10.59
175   4.5          1.73
176   18.6         1.43
177   5.0          0.15
179   4.2          8.90
181   16.8         0.45
183   9.3          7.87
185   3.1          4.69
186   16.7         0.22
188   16.6         2.20
189   166.1        4.24
190   7.4          1.86
191   5.3          0.04
192   12.1         1.98
193   8.6          2.59
194   0.9          20.00
195   13.3         1.07
196   35.6         0.01
197   23.7         0.03
199   5.9          12.10
202   13.1         0.29
203   40.5         0.07
205   13.4         0.05
207   10.0         0.08
208   22.5         0.39
209   2.6          0.09
210   15.4         0.08
211   9.0          0.99
212   4.0          0.16
213   53.2         2.87
219   3.7          0.84
220   33.6         1.11
221   8.9          6.81
222   9.7          0.10
225   94.2         0.52
227   7.2          0.90
228   14.8         0.26
232   6.3          0.19
237   7.3          18.26
238   4.3          25.70
239   44.3         22.39
240   6.8          0.02
241   2.7          2.41
242   2.9          9.00
243   2.9          22.21
245   21.1         437.50
246   56.2         452.56
247   16.9         0.18
253   0.1          0.49
256   20.0         9.93
257   251.9        21.41
259   9.9          4.28
260   8.3          1.26
262   14.2         1.93
263   48.9         14.76
265   4.2          12.97
268   7.9          7.67
269   23.2         5.06
270   2.2          9.66
271   4.8          76.53
272   30.0         6.32
273   2.3          1.45
276   6.7          1.08
278   23.2         2.59
279   2.9          13.94
281   39.7         1.24
283   17.4         195.84
285   88.7         0.04
286   21.0         1.24
287   15.6         4.02
288   17.4         5.41
294   2.8          6.68
297   38.3         1.10
299   20.2         19.76
300   11.3         46.57
301   13.1         10.92
302   24.8         2.59
303   27.4         141.09
305   4.0          2.29
306   9.2          0.47
307   3.9          25.29
309   21.5         76.91
310   35.5         0.46
311   18.9         8.10
312   7.4          3.45
313   6.9          13.38
314   5.3          2.44
315   16.8         1.68
320   3.5          8.24
321   7.9          0.42
328   257.7        388.31
329   5.9          2.76
330   13.6         13.90
332   86.8         10.16
333   7.8          29.52
334   19.0         0.49
335   10.9         5.49
338   7.9          1.72
339   10.7         0.99
342   10.4         8.54
350   2.6          2.19
352   11.3         224.00
354   12.3         1.81
356   8.8          10.68
357   7.8          1.82
358   4.7          12.94
363   34.8         5.36
364   10.6         77.16
370   5.5          142.40
371   17.8         1.12
373   4.5          174.50
376   41.9         10.04
377   174.2        102.81
383   9.8          4.55
384   53.4         3.69
385   44.5         16.37
386   16.6         2.38
387   4.0          1.70
389   5.0          136.80
390   5.4          2.34
398   2.5          0.69
400   3.5          11.04
405   21.4         3.22
408   22.3         56.28
412   23.4         31.16
414   14.6         90.16
416   14.4         297.38
418   20.4         1259.60
430   10.2         260.96
431   4.4          182.61
433   9.8          3.58
434   7.6          10.20
441   5.6          162.00
442   7.7          273.24
443   41.9         616.72
444   8.8          336.00
445   4.8          162.39
446   11.5         35.44
447   10.4         8.92
450   27.9         23.94
452   1.3          0.62
457   89.5         901.78
458   1.9          1.03
460   14.1         1.77
462   7.7          428.58
470   10.0         3.20
473   4.0          22.87
475   27.1         98.05
481   15.4         48.18
482   18.2         554.62
485   2.5          312.50
486   9.1          23.00
489   94.3         22.53
493   11.7         23.43
496   23.8         22.97
497   17.0         346.79
498   1.1          2.14
500   10.2         34.93
501   13.4         59.16
503   3.1          11.07
504   6.9          54.37
505   13.9         0.20
507   20.4         16.65
511   8.5          37.75
513   9.0          58.27
518   13.7         6.24
519   12.2         23.39
522   3.9          28.83
524   63.3         8.36
530   16.2         1.81
537   40.1         5.32
541   7.5          6.69
542   1.5          71.51
544   3.1          141.12
547   12.4         11.83
560   3.9          1.75
562   2.8          13.78
564   5.5          2.39
570   4.9          364.39
572   14.5         27.68
574   8.0          2.01
576   3.8          4.45
577   7.0          9.21
578   10.8         10.00
579   15.5         17.67
592   13.2         90.42
593   8.0          14.61
594   14.3         24.87
603   0.4          0.24
604   7.2          17.84
609   7.9          1.16
611   6.9          36.31
612   4.9          7.02
616   11.9         65.05
617   12.2         4.46
618   4.3          19.67
619   14.8         22.25
622   79.9         375.55
623   33.5         19.67
632   7.4          11.82
637   19.8         2.40
639   7.6          62.52
641   4.9          7.99
642   5.3          2.24
645   6.3          20.81
649   10.7         17.60
650   4.0          4.34
659   4.3          45.19
661   5.9          2.74
665   31.6         4.96
666   33.2         24.88
669   8.4          12.90
672   27.3         106.70
674   3.8          201.09
678   6.5          196.26
681   4.3          999.81
682   9.9          43.74
685   5.9          3.20
687   4.3          448.00
689   14.5         9.04
690   10.8         15.13
692   2.5          40.76
695   3.8          63.44
698   59.8         17.97
699   9.8          2.01
702   13.8         0.96
710   1.1          12.61
712   7.2          3.77
717   3.6          9.21
718   8.9          17.36
723   14.4         79.40
724   8.4          108.66
730   5.5          8.15
736   8.6          6.07
738   10.5         9.54
742   24.4         26.89
751   9.6          1254.70
758   10.4         5.61
759   10.1         29.72
760   62.5         20.55
761   2.6          2.91
768   80.3         18.40
769   39.0         56.92
771   11.6         3.58
774   82.7         247.10
778   11.9         81.62
779   17.0         11.93
780   47.7         13.52
781   7.6          580.10
783   6.2          274.06
787   7.5          8.95
788   34.4         1.04
793   23.2         93.68
795   10.1         44.99
800   3.1          17.77
801   15.1         18.09
809   4.6          43.39
810   5.2          9.40
814   18.7         14.35
817   21.3         37.59
819   47.0         1.62
829   8.0          6075.00
831   3.4          170.12
834   10.9         48.45
836   74.9         7.60
837   10.0         50.80
838   9.8          31.70
840   10.9         12.18
841   10.2         21.69
846   11.9         9.12
848   47.9         188.51
849   44.2         1.22
852   5.2          9.36
855   102.2        578.66
857   16.1         161.90
858   20.8         111.36
859   75.6         59.61
860   9.5          0.14
861   29.8         18.16
863   2.4          59.19
866   11.9         30.04
869   11.7         7.33
873   81.6         252.11
879   12.2         59.67
883   31.7         87.28
887   47.2         17.99
889   40.9         687.26
890   18.3         1189.56
893   10.0         18.45
895   5.9          11.72
896   11.5         17.22
899   37.7         87.26
901   9.7          23.69
905   154.2        5.19
906   11.7         78.19
908   22.1         18.78
909   40.4         46.32
910   10.0         4.74
911   165.7        12.44
915   30.7         163.20
917   4.7          395.25
918   21.0         44.63
924   7.6          4.58
929   10.1         16.91
930   5.7          81.80
931   87.5         25.36
941   6.2          0.02
945   5.4          9.22
946   77.1         29.15
949   13.4         41.10
951   3.2          143.97
952   11.5         2437.50
958   9.6          58.35
959   11.4         62.98
961   152.0        6.14
962   1.6          20.68
967   5.1          135.17
972   14.5         2.64
977   29.8         355.49
978   5.2          46.30
979   18.7         43.03
980   3.7          23.32
984   6.9          25.68
994   37.0         8.70
997   87.3         27.21
1005  7.1          52.31
1011  17.1         13.23
1016  13.4         57.58
1019  61.3         4.88
1024  3.9          35.72
1026  45.5         5.33
1031  230.6        9.75
1032  4.5          102.22
1033  95.3         8.66
1040  16.3         15.24
1042  5.4          6.20
1047  6.0          2.87
1049  11.3         3.90
1051  9.6          500.00
1052  7.1          0.49
1053  6.0          38.13
1054  2.9          9.54
1056  20.7         120.63
1057  55.8         20.15
1059  8.4          4.06
1060  25.9         36.62
1062  2.4          1.42
1065  57.9         17.86
1068  40.9         17.00
1071  35.2         29.95
1073  10.5         117.60
1075  21.8         48.55
1079  42.3         23.31
1080  11.7         46.66
1082  8.9          47.71
1087  7.6          30.86
1090  6.1          0.84
1091  8.1          4.60
1107  41.7         664.52
1108  5.2          0.39
1115  7.1          31.99
1119  5.9          387.61
1120  11.5         3.60
1123  6.1          1.91
1148  1.3          11.11
1149  9.6          70.27
1162  52.2         43.46
1175  8.4          3.59
1176  128.3        112.00
1177  4.6          21.12
1178  49.6         23.60
1185  76.6         37.38
1189  13.1         185.86
1190  17.0         14.42
1194  11.5         25.68
1199  9.2          4.21
1200  30.0         24.38
1202  659.9        229.13
1203  29.2         19.10
1205  8.3          40.95
1207  9.7          214.81
1208  20.4         25.24
1214  4.3          66.96
1215  13.5         58.79
1218  17.0         29.90
1228  21.6         86.43
1235  11.1         0.84
1237  16.4         14.88
1238  65.2         97.94
1240  40.8         291.92
1249  27.1         35.22
1251  6.4          9.55
1255  12.2         25.70
1256  40.0         32.24
1260  9.0          61.92
1261  4.5          114.82
1264  17.1         285.67
1273  56.0         18.02
1279  10.5         75.92
1282  32.2         22.40
1283  12.4         295.64
1294  43.7         40.38
1295  20.5         12.23
1305  3.6          14.09
1313  1.3          106.78
1319  9.8          0.92
1321  9.0          57.17
1323  5.9          61.12
1328  20.6         55.75
1329  8.4          220.12
1331  9.9          4.39
1332  9.1          52.27
1339  13.5         387.73
1344  2.0          14.86
1348  11.9         15.10
1350  92.1         28.52
1355  3.8          108.16
1357  6.4          41.81
1359  4.8          17.50
1362  2.2          139.72
1371  37.6         21.83
1375  12.2         8.12
1380  34.3         58.45
1385  5.0          15.69
1386  3.9          24.95
1388  9.3          37.98
1390  6.1          137.03
1393  7.2          4.95
1395  7.3          10.80
1396  14.7         17.07
1397  50.3         59.90
1399  7.6          21.80
1401  6.7          4.18
1403  11.8         17.58
1404  6.7          6.93
1409  4.4          16.79
1414  20.6         37.13
1415  15.9         10.22
1422  7.4          82.43
1423  21.3         33.44
1431  11.2         18.54
1432  4.3          63.86
1433  11.3         3.40
1436  20.0         2.42
1441  280          60.59
1446  5.36         98.12
1447  88.4         41.34
1448  24.9         42.09
1452  19.1         29.92
1454  53.9         45.38
1456  2.4          4.95
1465  17.3         26.63
1466  43.4         21.45
1472  7.2          93.45
1473  11.4         5.10
1475  15.1         41.88
1479  1.8          187.20
1486  30.9         2.80
1487  609.9        1812.50
1489  20.4         57.28
1495  16.1         294.27
1503  11.7         16.61
1516  12.6         24.57
1519  4.7          3.76
1521  15.3         0.74
1531  274.9        326.40
1535  79.8         193.66
1536  8.2          8.47
1537  1.69         19.95
1538  10.5         6.76
1541  6.8          115.70
1554  22.9         33.64
1582  52.0         7.35
1594  91.0         34.24
1601  41.6         12.94
1603  59.3         0.24
1607  3.4          78.40
1617  7.1          117.45
1623  5.8          15.87
1625  3.2          40.90
1630  32.2         47.12
1635  16.7         137.20
1648  1.6          13.53
1665  10.5         23.15
1666  4.2          73.73
1692  8.1          111.04
1696  77.1         60.58
1700  1.62         19.15
1711  3.6          98.00
1718  9.0          5.80
1724  3.8          235.29
1730  40.5         433.70
1745  33.8         1.69
1783  5.7          2.76
1786  5.0          30.00
1788  5.1          31.65
1795  6.0          794.02
1798  2.0          10.57
1802  13.0         13.67
1812  3.1          24.13
1814  9.2          7.48
1815  9.5          1.74
1817  22.9         5.09
1822  10.1         5.98
1826  9.3          4.88
1827  25.9         5.31
1846  14.9         10.01
1853  38.0         2.36
1855  78.3         32.55
1882  24.5         3.86
1889  9.8          19.85
1894  24.4         6.35
1897  13.8         7.54
1901  7.7          500.00
1903  22.9         21.54
1913  16.5         0.02
1919  16.0         2.02
1940  8.4          8.00
1954  41.1         1.46
1958  6.4          2.15
1960  48.6         27.43
129   4.1          2.55
187   21           0.27
223   7.8          0.15
249   52           2.18
255   21           0.83
264   25           4.82
274   10           0.44
277   22           1.37
292   4.9          0.42
295   27           0.88
347   16           0.56
360   39           0.14
410   7            62.50
453   4.1          3.86
455   12           18.40
510   1.3          0.23
512   22           14.63
533   17           4.34
535   9.7          9.26
552   7.2          6.12
590   22           48.94
602   17           23.77
643   35           4.45
655   39           2.76
679   9.0          12.30
703   5.6          5.34
734   38           14.87
739   26           0.51
743   32           50.51
764   36           11.43
777   18           21.15
885   14           31.13
894   41           11.12
922   17           117.30
940   12           5.28
947   26           24.67
960   96           6.52
986   32           122.57
996   20           18.56
1006  54           4.55
1009  19           15.21
1017  21           29.24
1022  16           84.99
1025  14           181.10
1036  21           5.78
1037  145          46.64
1041  42           62.70
1045  12           7.49
1048  34           5.97
1050  91           7.76
1061  30           36.27
1064  11           5.27
1078  75           5.90
1084  26           1.48
1089  14           31.48
1101  87           25.12
1102  5.2          5.03
1105  9.1          20.79
1113  32           6.37
1116  67           27.17
1122  7.1          72.26
1127  57           64.83
1128  12           24.69
1134  20           4.34
1135  15           3.29
1141  19           5.71
1143  25           29.40
1151  21           7.85
1158  34           76.08
1161  3.9          13.78
1166  10.0         3.27
1167  16           8.77
1169  90           77.90
1174  47           42.03
1186  19           57.97
1188  12           42.42
1198  11           5.65
1201  34           22.69
1212  76           54.59
1217  55           4.36
1221  13           14.25
1223  14           9.58
1239  28           9.82
1244  21           32.68
1254  25           23.45
1259  21           23.17
1263  25           84.59
1269  20           137.91
1270  9.9          64.16
1272  64           40.27
1281  33           69.67
1285  99           7.51
1289  28           31.02
1291  105          10.25
1292  9.1          18.10
1293  115          44.21
1296  8.1          21.67
1298  26           92.31
1299  23           43.86
1301  41           31.27
1308  23           47.08
1312  18           5.91
1322  160          11.22
1330  8.7          3.38
1352  23           19.46
1360  69           17.63
1368  84           31.03
1370  101.6        19.54
1372  18           8.43
1374  63           26.19
1379  23           17.77
1389  13           10.37
1405  36           3.31
1419  16           5.56
1425  11           12.95
1429  21           50.94
1430  59           2.61
1439  43           18.65
1442  11           4.62
1443  53           17.71
1450  17           15.26
1451  24           32.71
1453  12           2.70
1458  21           6.70
1459  0.25         0.16
1463  12           402.71
1464  16           45.78
1469  13           10.39
1470  16           6.14
1471  24           8.38
1474  12           8.97
1476  18           14.07
1483  28.2         5.43
1488  205          11.11
1491  9.0          11.61
1493  17.7         0.70
1494  27.9         10.43
1497  99           30.97
1500  13           0.22
1506  64.590       12.09
1510  14           7.32
1511  89           20.74
1517  32           9.72
1523  24           3.19
1525  35           12.55
1526  71           11.04
1528  11           5.24
1529  16           5.78
1530  19           9.34
1532  24           7.82
1533  18           18.93
1546  43           197.15
1550  12           34.23
1553  5.4          10.68
1555  16.8         16.25
1556  3.8          2.07
1560  22           5.80
1561  15.7         15.43
1563  14           102.40
1566  12           24.16
1569  80           2.65
1572  54           283.71
1573  24.32        12.43
1576  5.6          8.05
1580  11.1         17.73
1584  22           19.22
1585  8.255        13.06
1586  6.1          3.96
1588  70           10.72
1589  7.9          3.27
1591  47.2         30.83
1592  11           205.80
1593  12           6.70
1597  56.86        23.12
1600  11           10.40
1604  35.4033      6.10
1605  25           3.61
1606  11           15.55
1610  9.9          59.89
1612  12           9.01
1622  28           17.52
1627  0.59         0.06
1628  13           32.50
1636  37           7.40
1640  21.7         35.23
1642  6.3          15.28
1645  11           8.73
1652  42           118.29
1653  3.9          26.99
1654  2.8          0.24
1658  26           7.11
1660  8.0          16.52
1661  11           12.76
1672  16.4         37.75
1673  7.6          114.70
1674  265          12.26
1677  22           4.87
1678  15           33.80
1679  18           18.55
1699  32           31.19
1703  6.2          33.24
1705  12.6         0.82
1706  25           5.42
1708  11           0.67
1710  14           34.08
1716  8.3          53.32
1717  48           11.46
1719  72           21.61
1720  20           14.61
1722  6.2          24.30
1727  28           1.70
1736  45           58.73
1740  22           5.37
1759  16           15.32
1790  29           15.55
1800  46           5.41
164   6.1         14.88
180   11          43.42
216   4.6         0.05
226   4.5         0.00
236   31          0.63
251   36          3.60
254   10          1.37
258   8.2         1.13
275   4.8         2.07
280   7.3         0.43
291   5.5         0.96
298   26          3.28
308   61          1.06
316   15          2.16
317   13          1.39
322   93          14.79
323   4.0         1.04
327   4.9         0.76
336   4.4         240.00
345   37          0.36
348   9.6         0.32
349   5.9         0.13
353   210         1.95
355   13          11.83
361   15          29.15
362   9.4         0.50
367   28          0.22
372   3.9         1.25
379   57          25.10
380   12          7.54
382   10          16.96
388   12          28.01
395   12          22.89
397   11          2.62
401   3.5         0.35
402   8.6         3.03
409   11          0.23
411   93          23.11
417   33          18.29
422   10.0        19.00
428   59          29.89
432   13          124.90
438   34          26.04
439   72          456.25
440   18          31.40
449   31          31.01
459   26          12.35
468   29          10.44
476   57          6.39
479   21          28.58
480   19          30.72
488   18          20.87
492   49          26.03
508   64          6.79
514   68          8.87
515   7.1         0.27
516   9.6         5.25
527   5.5         6.73
536   18          2.26
540   15          4.87
549   62          3.35
550   8.4         10.54
551   25          5.12
553   22          25.16
554   29          15.08
557   11          2.92
565   13          20.91
567   5.9         4.43
568   16          13.24
569   110         9.94
591   10          1.00
596   15          4.29
599   25          6.55
600   13          2.53
607   56          14.41
608   42          1.54
614   26          3.66
620   9.4         2.65
621   5.8         3.09
627   23          0.53
634   46          13.89
636   4.7         0.38
638   23          3.38
644   54          10.09
647   15          5.74
652   8.8         9.10
656   13          13.25
657   12          6.03
658   12          8.54
662   13          0.82
663   11          10.19
664   85          19.22
670   63          4.50
673   29          13.36
686   29          6.18
707   44          21.78
708   33          1.93
715   125         8.95
725   68          6.01
726   14          8.49
729   6.5         27.94
741   17          11.18
755   18          4.76
767   14          16.55
770   240         13.12
773   10          13.63
782   48          8.76
791   75          14.96
792   40          21.67
796   44          24.91
797   17          47.08
798   40          112.50
802   21          8.19
807   34          3.82
812   13          10.69
813   24          22.02
816   15          5.19
818   13          14.68
827   21          2.34
828   15          6.52
833   185         86.18
839   42          16.75
850   7.6         6.88
851   20          7.42
856   52          13.83
867   105         8.50
868   75          41.52
871   19          15.32
876   13          7.89
877   97          22.08
881   11          5.22
882   18          67.62
888   13          40.41
892   14          69.22
897   74          47.25
900   12          5.73
907   22          30.88
912   26          62.26
913   16          86.35
916   12          77.85
921   40          178.13
926   17          149.99
928   50          5.82
933   12          16.04
935   24          2.75
939   17          5.09
953   22          13.01
954   287         7.54
956   41          109.56
957   38          113.46
968   5.7         66.80
992   32          2.40
993   50          6.78
1015  40          37.09
1038  15          1.24
1337  7.1         16.71
1565  9.7         99.15
1621  9.2         43.29
1693  16          9.03
133   19             1.23
206   59             0.02
229   39             0.23
248   14             2.66
296   9.3            0.00
319   0.21           0.05
344   51             0.51
365   0.22           0.06
420   5.9            8.77
478   29             14.94
483   15             5.00
491   12             15.33
534   1.7            0.18
588   40             21.12
589   25             4.84
635   5              4.11
677   9.5            2.10
683   127            10.56
694   11             0.32
711   2.8            0.68
735   7.7            18.40
744   9.8            4.57
753   8.1            5.37
754   168            8.91
763   9              7.39
775   14             22.17
786   14             2.60
799   14             52.19
804   57             243.81
811   52             7.20
826   9              10.10
835   15             20.47
843   8              125.00
853   3              8.17
864   122            118.17
870   18             79.47
875   20             33.41
884   22             69.01
886   16             5.83
936   7              4.13
944   61             14.58
955   299            64.10
964   11             15.24
981   4              18.09
988   28             2.71
990   37             4.52
1002  102            57.20
1004  23             18.89
1013  14             4.51
1020  35             14.50
1021  12             1.57
1028  31             3.42
1035  62             16.99
1044  35             8.65
1058  9              0.07
1067  14             26.74
1074  65             9.10
1086  3.4            2.27
1111  358            18.75
1118  0.25           0.07
1125  10             1.10
1129  4.1            3.11
1131  14             2.77
1142  0.78           0.32
1155  4.4            0.80
1157  18             2.90
1171  0.6            0.21
1180  47             3.85
1183  0.37           0.44
1195  229            108.25
1209  8              15.00
1211  66             78.23
1213  23             1.10
1234  15             4.05
1241  12             89.06
1247  48             20.81
1253  6              1.67
1258  13             0.01
1274  23             0.11
1280  9              2.78
1284  10             1.90
1288  18             0.59
1306  20             2.07
1314  13             4.65
1315  35             19.80
1326  10             289.48
1335  22             122.59
1336  16             9.83
1341  9              4.20
1342  11             4.29
1347  10             10.20
1349  8              4.75
1353  7              0.15
1367  5              3.72
1376  32             25.68
1378  15             4.86
1383  7              10.66
1384  4              2.38
1387  17             22.98
1392  2              1.32
1394  49             6.14
1411  6              4.62
1416  30             5.85
1417  10             2.39
1424  188            44.65
1426  15             30.70
1428  6              1.07
1435  17             36.32
1438  52             6.60
1440  4              1.69
1444  13             53.50
1461  7              24.56
1477  13             7.98
1480  13             8.29
1481  4              23.45
1482  63             27.78
1484  7              67.98
1498  9              59.13
1502  31             6.70
1509  9              0.87
1522  22             7.61
1542  50             17.60
1543  0.59           0.70
1559  28             6.44
1590  10             6.42
1595  315            449.37
1599  43             4.07
1611  7              2.29
1615  89             7.83
1618  5              2.53
1632  20             23.32
1649  15             8.89
1671  50             4.60
1680  014            1.12
1687  0.15           0.15
1697  3              3.59
1704  16             318.77
1707  7              42.24
1712  15             6.81
1739  2              5.54
1763  3              19.15
1810  9              5.07
1     0.664    11.44
2     0.303    7.70
3     0.209    9.68
5     0.24     0.69
6     0.20     1.37
7     0.24     0.59
8     0.50     0.98
9     0.37     8.67
10    1.6      1.81
11    0.15     2.50
12    0.54     0.51
13    0.25     0.64
14    0.57     5.18
15    0.11     5.92
16    0.46     0.93
17    0.20     1.27
18    0.20     1.01
19    0.15     0.42
22    0.8      18.45
23    3.7      60.84
24    0.33     8.56
25    0.34     105.42
27    0.972    69.57
28    0.51     4.80
29    0.4      4.35
30    0.6      0.13
31    1.3      0.64
32    0.7      0.13
33    0.6      0.19
34    0.49     2.12
35    2.5      40.33
