#--------------------------------------------------------
#     W50                       R_LUM       R_LUM14
#      (ms)                      (mJy kpc^2) (mJy kpc^2)
#--------------------------------------------------------
1     82          0  cn95       0.15        *
2     88.7        0  lylg95     44.16       9.46
3     23.8        0  clh+20     *           83.75
4     0.664       0  zhm+19     33.65       11.44
5     0.303       0  zhm+19     20.90       7.70

6     0.209       0  zhm+19     *           9.68
7     8.1         8  jml+09     *           43.81
8     0.65        0  stc99      43.61       1.11
9     37.7        0  jk18       55.17       11.78
10    12.2        0  lylg95     43.92       3.51

11    19          0  mfl+06     *           392.05
12    20          0  cmk01      3564.09     1069.23
13    21.7        0  lylg95     46.57       *
14    25.6        0  jk18       4.67        0.78
15    73.0        0  lylg95     27.75       12.24

16    11.8        0  lylg95     3.78        *
17    89.7        0  lylg95     53.12       7.50
18    26.0        0  jk18       0.40        0.06
19    22.5        0  lylg95     45.27       4.07
20    13          0  mfl+06     *           213.85

21    4.1         0  lylg95     23.76       0.94
22    4.8         0  mfl+06     *           534.61
23    8           1  dsb+98     29.79       *
24    1.9         0  jk18       5625.00     2437.50
25    14          0  lxf+05     13.12       *

26    42          0  cvh+14     4.07        0.12
27    5.2         0  lylg95     189.28      31.10
28    34.9        0  lylg95     259.21      23.80
29    7.0         0  lylg95     29.88       9.51
30    117.2       0  jk18       23750.00    1000.00

31    11          0  clm+05     5.58        *
32    14.6        0  jk18       16.93       1.78
33    33.4        0  lylg95     20.73       6.06
34    2.3         3  csl+02     *           0.46
35    4.9         0  jk18       17.46       1.27

36    48.5        0  jk18       13.92       0.70
37    2.5         0  slr+14     1.21        *
38    1.01        0  stc99      466.36      8.93
39    34.0        0  lylg95     7.39        0.92
40    26          0  tpc+11     *           54.80

41    7.5         0  jk18       38.97       11.46
42    70          1  mbc+20     71.97       *
43    42.0        0  jk18       14.75       8.25
44    42.7        0  lylg95     30.84       0.82
45    17          0  lxf+05     3.92        *

46    6.6         0  lylg95     4309.04     583.16
47    6.1         0  lylg95     35.69       4.76
48    35.3        0  jk18       *           3.30
49    44.9        0  lylg95     10.76       0.87
50    17.1        0  clh+20     *           0.35

51    12.5        0  lylg95     153.06      24.23
52    3.9         0  lylg95     46.00       23.00
53    20.3        0  jk18       19.54       3.91
54    18.4        0  lylg95     309.91      57.85
55    5.3         0  lxf+05     18.32       *

56    4.4         0  lylg95     11.98       0.94
57    25          2  dsb+98     28.93       2.41
58    53          0  bfrs18     4.63        0.56
59    0.1410      5  mhb+13     13.52       3.69
60    10.5        0  jk18       6.54        6.54

61    7.9         0  mfl+06     *           345.81
62    24.8        0  jk18       34.62       3.78
63    5.5         0  mfl+06     *           123.50
64    26.8        0  jk18       13.12       2.69
65    8.1         0  lylg95     82.15       18.10

66    8           0  mfl+06     *           123.50
67    36          0  mfl+06     *           0.32
68    10.1        0  jk18       0.28        0.02
69    22.7        0  lylg95     18.79       4.35
70    12          0  mfl+06     *           0.40

71    28          0  bfrs18     0.18        0.01
72    4.1         0  mfl+06     *           345.81
73    9.5         0  jk18       45.28       4.53
74    12          0  mfl+06     *           469.32
75    13.9        0  jk18       66.09       5.76

76    151.9       0  jk18       84.14       13.14
77    11.9        0  clh+20     *           6.13
78    24          0  cmh91      *           741.03
79    9           0  mfl+06     *           197.61
80    15.0        0  jk18       *           3.30

81    3.0         0  lylg95     2200.00     56.00
82    25          0  mfl+06     *           197.61
83    57.1        0  jk18       1.53        0.17
84    2.7         0  lwf+04     13.86       3.21
85    12.0        0  nab+13     *           0.69

86    18          0  mml+93     0.00        59.28
87    30.0        0  jk18       1.50        0.09
88    5.3         0  jk18       71.03       26.21
89    58          0  mfl+06     *           543.42
90    28          0  clm+05     6.10        *

91    27          0  mfl+06     *           518.72
92    60          0  tml93      0.64        *
93    15.8        0  jk18       98.52       11.28
94    1.6         0  lxf+05     0.26        *
95    0.2         0  bjd+06     *           4.25

96    11.6        0  lsb+17     *           0.87
97    5.3         0  lylg95     4.58        1.14
98    0.462       1  mhb+13     5.60        1.37
99    11          0  cvh+14     0.06        0.00
100   6.2         0  jk18       369.89      42.09

101   3.44        0  bkl+13     *           2.90
102   0.69        0  stc99      1.68        0.34
103   18.78       0  bkl+13     *           0.51
104   5.2         0  jk18       18.40       5.26
105   6.33        0  bkl+13     *           6.08

106   5.2         0  jk18       31.44       7.28
107   8.0         0  nab+13     *           0.18
108   8.8         0  lylg95     302.73      31.25
109   5.71        0  bkl+13     *           1.81
110   63.3        0  jk18       21.09       3.27

111   6.5         0  jk18       6.65        3.99
112   60          0  bjd+06     *           2.70
113   15.4        0  jk18       *           0.01
114   0.15        0  slr+14     0.08        *
115   0.086       0  slr+14     3.75        0.45

116   20.27       0  bkl+13     *           22.95
117   11.62       0  bkl+13     *           1.28
118   23.89       0  bkl+13     *           2.20
119   13.9        0  lylg95     35.84       2.21
120   13.3        0  jk18       *           7.90

121   6.1         0  jk18       *           0.06
122   12.67       0  bkl+13     *           0.73
123   14.6        0  jk18       0.54        0.22
124   6.0         0  lylg95     0.85        0.05
125   2.8         0  jk18       *           0.04

126   1.092       5  mhb+13     0.11        0.04
127   12.5        0  jk18       *           76.99
128   0.64        0  bkl+13     *           1.51
129   4.1         0  hfs+04     30.87       2.55
130   13.4        0  jk18       *           1.68

131   8.4         0  jk18       *           5.96
132   5.5         0  jk18       44.80       7.60
133   19          0  lfl+06     *           1.23
134   6.3         0  mhl+02     *           4.40
135   14.3        0  bjd+06     *           1.94

136   58          0  bjd+06     *           1.57
137   22.7        0  jk18       486.40      253.44
138   4.2         0  jk18       1184.00     104.00
139   10.7        0  jk18       7.34        1.60
140   19.4        0  jk18       *           0.13

141   14.0        0  jk18       2.51        0.16
142   0.70        0  kxl+98     12.32       3.94
143   12.2        0  lylg95     17.15       1.29
144   3.4         0  jk18       60.22       19.09
145   8.21        0  clh+20     *           0.07

146   37.95       0  bkl+13     *           3.26
147   10.2        0  jk18       *           0.31
148   13.19       0  bkl+13     *           1.42
149   8.1         0  jk18       1936.33     109.44
150   37.06       0  bkl+13     *           12.91

151   41.4        0  lylg95     14.74       1.87
152   166         0  clm+05     22.96       *
153   15          1  mbc+20     0.32        *
154   6.41        0  bkl+13     *           0.06
155   23.4        0  jk18       *           0.33

156   21.7        0  jk18       368.22      21.66
157   5.6         0  jk18       *           8.18
158   62.9        0  jk18       *           5.12
159   138.5       0  jk18       21.19       1.63
160   15.5        0  jk18       *           26.93

161   19.5        0  jk18       187.50      25.00
162   5.8         0  lylg95     18.07       2.48
163   740         0  al81       2.01        0.03
164   6.1         0  kbm+03     *           14.88
165   4.7         0  jk18       *           8.49

166   4.9         0  mlc+01     *           0.09
167   1.4         0  jk18       392.00      82.32
168   14.21       1  bsb+19     *           1.68
169   24.8        0  jk18       3.21        0.18
170   4.4         0  jk18       443.25      78.75

171   6.0         0  jk18       *           8.41
172   57          0  mlc+01     *           2.86
173   21.8        0  jk18       6.09        0.54
174   6.3         0  jk18       59.70       10.59
175   4.5         0  jk18       *           1.73

176   18.6        0  jk18       4.58        1.43
177   5.0         0  jk18       *           0.15
178   22.8        0  lylg95     1.95        0.15
179   4.2         0  jk18       *           8.90
180   11          0  kbm+03     *           43.42

181   16.8        0  jk18       1.51        0.45
182   9           1  mbc+20     0.98        *
183   9.3         0  jk18       96.31       7.87
184   0.8         0  bjd+06     *           2.38
185   3.1         0  jk18       *           4.69

186   16.7        0  jk18       0.58        0.22
187   21          0  hfs+04     3.65        0.27
188   16.6        0  jk18       12.08       2.20
189   166.1       0  jk18       50.09       4.24
190   7.4         0  jk18       21.23       1.86

191   5.3         0  jk18       *           0.04
192   12.1        0  jk18       4.07        1.98
193   8.6         0  jk18       10.37       2.59
194   0.9         0  jk18       28.00       20.00
195   13.3        0  jk18       3.68        1.07

196   35.6        0  jk18       *           0.01
197   23.7        0  jk18       *           0.03
198   38.0        0  lylg95     5.03        0.50
199   5.9         0  jk18       62.92       12.10
200   6.9         0  mlc+01     *           3.79

201   0.79        0  mlb+12     *           0.02
202   13.1        0  jk18       3.16        0.29
203   40.5        0  jk18       0.25        0.07
204   13.5        0  bfrs18     1.19        0.07
205   13.4        0  jk18       *           0.05

206   59          0  lfl+06     *           0.02
207   10.0        0  jk18       *           0.08
208   22.5        0  jk18       2.19        0.39
209   2.6         0  jk18       *           0.09
210   15.4        0  jk18       1.74        0.08

211   9.0         0  jk18       4.95        0.99
212   4.0         0  jk18       2.14        0.16
213   53.2        0  jk18       15.48       2.87
214   11.5        0  bfrs18     69.51       4.93
215   6.9         0  lylg95     12.24       0.28

216   4.6         0  kbm+03     *           0.05
217   40.8        0  lylg95     3.18        *
218   40          0  bfrs18     625.00      81.25
219   3.7         0  jk18       *           0.84
220   33.6        0  jk18       2.35        1.11

221   8.9         0  jk18       27.25       6.81
222   9.7         0  jk18       *           0.10
223   7.8         0  hfs+04     4.66        0.15
224   3.6         0  mlc+01     *           0.04
225   94.2        0  jk18       2.09        0.52

226   4.5         0  kbm+03     *           0.00
227   7.2         0  jk18       7.20        0.90
228   14.8        0  jk18       *           0.26
229   39          0  lfl+06     *           0.23
230   25          0  mlc+01     *           1.28

231   61.3        0  ncb+15     *           1.71
232   6.3         0  jk18       0.82        0.19
233   21          2  dsb+98     22.68       *
234   41.6        0  lylg95     3.96        *
235   0.72        0  stc99      14.70       1.57

236   31          0  kbm+03     *           0.63
237   7.3         0  jk18       152.16      18.26
238   4.3         0  jk18       *           25.70
239   44.3        0  jk18       *           22.39
240   6.8         0  jk18       0.05        0.02

241   2.7         0  jk18       *           2.41
242   2.9         0  jk18       *           9.00
243   2.9         0  jk18       185.12      22.21
244   0.06        0  nbb+14     *           0.07
245   21.1        0  jk18       3187.50     437.50

246   56.2        0  jk18       *           452.56
247   16.9        0  jk18       *           0.18
248   14          0  lfl+06     *           2.66
249   52          0  hfs+04     *           2.18
250   0.972       5  mhb+13     38.82       2.54

251   36          0  kbm+03     *           3.60
252   0.521      10  mhb+13     6.85        3.42
253   0.1         0  jk18       *           0.49
254   10          0  kbm+03     *           1.37
255   21          0  hfs+04     *           0.83

256   20.0        0  jk18       126.42      9.93
257   251.9       0  jk18       109.74      21.41
258   8.2         0  kbm+03     *           1.13
259   9.9         0  jk18       48.15       4.28
260   8.3         0  jk18       *           1.26

261   2.1         0  bjd+06     *           7.07
262   14.2        0  jk18       *           1.93
263   48.9        0  jk18       179.65      14.76
264   25          0  hfs+04     108.90      4.82
265   4.2         0  jk18       *           12.97

266   0.840      12  mhb+13     1.73        0.32
267   23          0  bjd+06     *           10.05
268   7.9         0  jk18       98.56       7.67
269   23.2        0  jk18       36.77       5.06
270   2.2         0  jk18       12.46       9.66

271   4.8         0  jk18       *           76.53
272   30.0        0  jk18       *           6.32
273   2.3         0  jk18       *           1.45
274   10          0  hfs+04     *           0.44
275   4.8         0  kbm+03     *           2.07

276   6.7         0  jk18       *           1.08
277   22          0  hfs+04     *           1.37
278   23.2        0  jk18       *           2.59
279   2.9         0  jk18       *           13.94
280   7.3         0  kbm+03     *           0.43

281   39.7        0  jk18       *           1.24
282   16          0  mlc+01     *           1.03
283   17.4        0  jk18       259.20      195.84
284   5.0         0  nbb+14     *           0.97
285   88.7        0  jk18       0.69        0.04

286   21.0        0  jk18       13.46       1.24
287   15.6        0  jk18       *           4.02
288   17.4        0  jk18       51.41       5.41
289   0.54        0  ncb+15     *           1.28
290   0.14        0  kjr+11     *           0.51

291   5.5         0  kbm+03     *           0.96
292   4.9         0  hfs+04     8.80        0.42
293   13.107      5  bsb+19     *           0.00
294   2.8         0  jk18       *           6.68
295   27          0  hfs+04     *           0.88

296   9.3         0  lfl+06     *           0.00
297   38.3        0  jk18       25.67       1.10
298   26          0  kbm+03     *           3.28
299   20.2        0  jk18       *           19.76
300   11.3        0  jk18       *           46.57

301   13.1        0  jk18       122.00      10.92
302   24.8        0  jk18       56.03       2.59
303   27.4        0  jk18       *           141.09
304   16.6        0  lylg95     10.22       2.56
305   4.0         0  jk18       *           2.29

306   9.2         0  jk18       2.04        0.47
307   3.9         0  jk18       *           25.29
308   61          0  kbm+03     *           1.06
309   21.5        0  jk18       *           76.91
310   35.5        0  jk18       4.64        0.46

311   18.9        0  jk18       129.62      8.10
312   7.4         0  jk18       27.62       3.45
313   6.9         0  jk18       *           13.38
314   5.3         0  jk18       52.61       2.44
315   16.8        0  jk18       22.45       1.68

316   15          0  kbm+03     *           2.16
317   13          0  kbm+03     *           1.39
318   0.31        1  nbb+14     *           2.62
319   0.21        0  lfl+06     *           0.05
320   3.5         0  jk18       *           8.24

321   7.9         0  jk18       12.64       0.42
322   93          0  kbm+03     *           14.79
323   4.0         0  kbm+03     *           1.04
324   16          0  mlc+01     *           0.68
325   17          3  dsb+98     31.11       2.14

326   17.6        5  bsb+19     *           3.54
327   4.9         0  kbm+03     *           0.76
328   257.7       0  jk18       *           388.31
329   5.9         0  jk18       35.52       2.76
330   13.6        0  jk18       53.28       13.90

331   19.6        0  ccb+20     *           0.54
332   86.8        0  jk18       94.86       10.16
333   7.8         0  jk18       *           29.52
334   19.0        0  jk18       6.13        0.49
335   10.9        0  jk18       27.47       5.49

336   4.4         0  kbm+03     *           240.00
337   30          0  mlc+01     *           3.15
338   7.9         0  jk18       40.22       1.72
339   10.7        0  jk18       *           0.99
340   33          0  mlc+01     *           0.88

341   10.0        0  mlc+01     *           1.40
342   10.4        0  jk18       45.39       8.54
343   0.79        0  mlb+12     *           2.56
344   51          0  lfl+06     *           0.51
345   37          0  kbm+03     *           0.36

346   5.65        0  ncb+15     *           0.29
347   16          0  hfs+04     *           0.56
348   9.6         0  kbm+03     *           0.32
349   5.9         0  kbm+03     *           0.13
350   2.6         0  jk18       *           2.19

351   15          3  dsb+98     38.03       *
352   11.3        0  jk18       2320.00     224.00
353   210         0  kbm+03     *           1.95
354   12.3        0  jk18       15.49       1.81
355   13          0  kbm+03     *           11.83

356   8.8         0  jk18       81.90       10.68
357   7.8         0  jk18       *           1.82
358   4.7         0  jk18       129.41      12.94
359   66.0        0  ccb+20     *           13.77
360   39          0  hfs+04     *           0.14

361   15          0  kbm+03     *           29.15
362   9.4         0  kbm+03     *           0.50
363   34.8        0  jk18       *           5.36
364   10.6        0  jk18       *           77.16
365   0.22        0  lfl+06     *           0.06

366   58          0  mlc+01     *           54.45
367   28          0  kbm+03     *           0.22
368   63.3        0  ccb+20     *           8.58
369   10          0  mlc+01     *           22.43
370   5.5         0  jk18       768.00      142.40

371   17.8        0  jk18       18.61       1.12
372   3.9         0  kbm+03     *           1.25
373   4.5         0  jk18       1066.38     174.50
374   48          1  mbc+20     1.74        *
375   1.3         0  mlb+12     *           19.73

376   41.9        0  jk18       *           10.04
377   174.2       0  jk18       *           102.81
378   11          0  mlc+01     *           10.00
379   57          0  kbm+03     *           25.10
380   12          0  kbm+03     *           7.54

381   44          0  tml93      13.64       3.03
382   10          0  kbm+03     *           16.96
383   9.8         0  jk18       *           4.55
384   53.4        0  jk18       *           3.69
385   44.5        0  jk18       77.62       16.37

386   16.6        0  jk18       16.12       2.38
387   4.0         0  jk18       9.90        1.70
388   12          0  kbm+03     *           28.01
389   5.0         0  jk18       440.00      136.80
390   5.4         0  jk18       *           2.34

391   9.8         0  ncb+15     *           10.83
392   21          0  kel+09     *           20.06
393   62          0  mlc+01     *           13.88
394   9.7         0  bfrs18     176.21      2.37
395   12          0  kbm+03     *           22.89

396   54.3        0  ncb+15     *           5.34
397   11          0  kbm+03     *           2.62
398   2.5         0  jk18       *           0.69
399   20          0  mlc+01     *           35.34
400   3.5         0  jk18       53.86       11.04

401   3.5         0  kbm+03     *           0.35
402   8.6         0  kbm+03     *           3.03
403   34.8        0  ncb+15     *           50.74
404   6.0         0  lylg95     7500.00     750.00
405   21.4        0  jk18       11.15       3.22

406   0.66        0  *          10.06       1.01
407   22.1        0  ccb+20     *           28.83
408   22.3        0  jk18       *           56.28
409   11          0  kbm+03     *           0.23
410   7           0  hfs+04     *           62.50

411   93          0  kbm+03     *           23.11
412   23.4        0  jk18       *           31.16
413   38          0  mlc+01     *           37.81
414   14.6        0  jk18       *           90.16
415   19          0  mlc+01     *           200.00

416   14.4        0  jk18       4106.69     297.38
417   33          0  kbm+03     *           18.29
418   20.4        0  jk18       *           1259.60
419   505         0  mlc+01     *           162.78
420   5.9         0  lfl+06     *           8.77

421   26          0  mlc+01     *           30.12
422   10.0        0  kbm+03     *           19.00
423   6.7         0  lylg95     2500.00     312.50
424   3.2         0  kapw91     424.36      *
425   33          0  tml93      360.89      *

426   23          0  qmlg95     280.50      *
427   34          0  mlc+01     *           1.75
428   59          0  kbm+03     *           29.89
429   119         0  cmk01      *           462.50
430   10.2        0  jk18       *           260.96

431   4.4         0  jk18       *           182.61
432   13          0  kbm+03     *           124.90
433   9.8         0  jk18       5.33        3.58
434   7.6         0  jk18       87.44       10.20
435   26          0  kel+09     *           118.75

436   19.6        0  lylg95     13.00       1.06
437   8.7         0  mlc+01     *           55.40
438   34          0  kbm+03     *           26.04
439   72          0  kbm+03     *           456.25
440   18          0  kbm+03     *           31.40

441   5.6         0  jk18       1080.00     162.00
442   7.7         0  jk18       2588.55     273.24
443   41.9        0  jk18       1269.71     616.72
444   8.8         0  jk18       2160.00     336.00
445   4.8         0  jk18       *           162.39

446   11.5        0  jk18       *           35.44
447   10.4        0  jk18       36.50       8.92
448   20          0  tml93      775.42      *
449   31          0  kbm+03     *           31.01
450   27.9        0  jk18       *           23.94

451   34          2  dsb+98     7.00        0.23
452   1.3         0  jk18       *           0.62
453   4.1         0  hfs+04     112.05      3.86
454   30          3  dsb+98     61.45       *
455   12          0  hfs+04     *           18.40

456   0.73        0  nbb+14     *           10.23
457   89.5        0  jk18       *           901.78
458   1.9         0  jk18       *           1.03
459   26          0  kbm+03     *           12.35
460   14.1        0  jk18       17.69       1.77

461   9.2         0  mlc+01     *           33.37
462   7.7         0  jk18       *           428.58
463   0.24        0  hrs+07     *           0.69
464   0.20        0  hrs+07     *           1.37
465   0.24        0  hrs+07     *           0.59

466   0.50        0  hrs+07     *           0.98
467   13.0        0  ccb+20     *           7.84
468   29          0  kbm+03     *           10.44
469   27          0  mlc+01     *           18.27
470   10.0        0  jk18       *           3.20

471   11          0  mlc+01     *           26.47
472   79          0  mlc+01     *           57.74
473   4.0         0  jk18       *           22.87
474   6           1  dsb+98     98.25       *
475   27.1        0  jk18       *           98.05

476   57          0  kbm+03     *           6.39
477   12          0  tml93      298.08      *
478   29          0  lfl+06     *           14.94
479   21          0  kbm+03     *           28.58
480   19          0  kbm+03     *           30.72

481   15.4        0  jk18       642.46      48.18
482   18.2        0  jk18       *           554.62
483   15          0  lfl+06     *           5.00
484   35          7  dsb+98     38.86       *
485   2.5         0  jk18       2625.00     312.50

486   9.1         0  jk18       110.16      23.00
487   15          0  mlt+78     16.51       *
488   18          0  kbm+03     *           20.87
489   94.3        0  jk18       112.66      22.53
490   58          1  mbc+20     12.94       1.34

491   12          0  lfl+06     *           15.33
492   49          0  kbm+03     *           26.03
493   11.7        0  jk18       *           23.43
494   21          0  mlc+01     *           12.36
495   57          0  mlc+01     *           24.24

496   23.8        0  jk18       *           22.97
497   17.0        0  jk18       *           346.79
498   1.1         0  jk18       *           2.14
499   12          0  mlc+01     *           12.29
500   10.2        0  jk18       *           34.93

501   13.4        0  jk18       *           59.16
502   23          0  mlc+01     *           164.42
503   3.1         0  jk18       *           11.07
504   6.9         0  jk18       *           54.37
505   13.9        0  jk18       *           0.20

506   13          0  mlc+01     *           18.09
507   20.4        0  jk18       399.71      16.65
508   64          0  kbm+03     *           6.79
509   25          0  tml93      174.16      *
510   1.3         0  hfs+04     *           0.23

511   8.5         0  jk18       *           37.75
512   22          0  hfs+04     *           14.63
513   9.0         0  jk18       *           58.27
514   68          0  kbm+03     *           8.87
515   7.1         0  kbm+03     *           0.27

516   9.6         0  kbm+03     *           5.25
517   11          0  mlc+01     *           8.92
518   13.7        0  jk18       *           6.24
519   12.2        0  jk18       125.95      23.39
520   14          0  mlc+01     *           6.50

521   10.0        0  ccb+20     *           1.40
522   3.9         0  jk18       229.96      28.83
523   0.176       0  bbb+13     *           4.43
524   63.3        0  jk18       *           8.36
525   35          0  kel+09     *           8.90

526   42.9        0  ccb+20     *           1.75
527   5.5         0  kbm+03     *           6.73
528   19          0  mlc+01     *           3.24
529   1.9         0  slr+14     1.23        *
530   16.2        0  jk18       *           1.81

531   1.1         0  mlc+01     *           1.98
532   7           0  cng+09     *           5.47
533   17          0  hfs+04     *           4.34
534   1.7         0  lfl+06     *           0.18
535   9.7         0  hfs+04     249.37      9.26

536   18          0  kbm+03     *           2.26
537   40.1        0  jk18       *           5.32
538   47          0  mlc+01     *           6.21
539   0.10        0  nbb+14     *           1.13
540   15          0  kbm+03     *           4.87

541   7.5         0  jk18       *           6.69
542   1.5         0  jk18       *           71.51
543   0.4         0  lmcs07     3.54        *
544   3.1         0  jk18       1803.20     141.12
545   2.9         0  mlc+01     *           2.14

546   0.8         0  lor94      9.18        1.22
547   12.4        0  jk18       64.72       11.83
548   14          0  tml93      3.95        *
549   62          0  kbm+03     *           3.35
550   8.4         0  kbm+03     *           10.54

551   25          0  kbm+03     *           5.12
552   7.2         0  hfs+04     *           6.12
553   22          0  kbm+03     *           25.16
554   29          0  kbm+03     *           15.08
555   2.97        0  nbb+14     *           41.23

556   26          0  clm+05     0.08        *
557   11          0  kbm+03     *           2.92
558   49.0        0  ccb+20     *           13.98
559   14          0  tml93      9.58        *
560   3.9         0  jk18       31.09       1.75

561   8.70        0  ccb+20     *           6.95
562   2.8         0  jk18       298.52      13.78
563   10.9        0  lylg95     502.74      35.28
564   5.5         0  jk18       *           2.39
565   13          0  kbm+03     *           20.91

566   50          0  tml93      238.57      *
567   5.9         0  kbm+03     *           4.43
568   16          0  kbm+03     *           13.24
569   110         0  kbm+03     *           9.94
570   4.9         0  jk18       *           364.39

571   21          0  mlc+01     *           26.71
572   14.5        0  jk18       29.04       27.68
573   35.3        0  ccb+20     *           12.57
574   8.0         0  jk18       13.13       2.01
575   5.16        0  ccb+20     *           0.11

576   3.8         0  jk18       *           4.45
577   7.0         0  jk18       *           9.21
578   10.8        0  jk18       *           10.00
579   15.5        0  jk18       *           17.67
580   0.37        0  hrs+07     *           8.67

581   1.6         0  hrs+07     36.12       1.81
582   0.15        0  hrs+07     *           2.50
583   0.54        0  hrs+07     *           0.51
584   0.25        0  hrs+07     *           0.64
585   9           0  mss+20     *           111.79

586   1.42        0  kxl+98     7.43        3.72
587   4           0  kel+09     *           1.14
588   40          0  lfl+06     *           21.12
589   25          0  lfl+06     *           4.84
590   22          0  hfs+04     *           48.94

591   10          0  kbm+03     *           1.00
592   13.2        0  jk18       *           90.42
593   8.0         0  jk18       *           14.61
594   14.3        0  jk18       *           24.87
595   13          0  kel+09     *           5.12

596   15          0  kbm+03     *           4.29
597   31.0        0  ncb+15     *           2.06
598   0.54        0  nbb+14     *           3.25
599   25          0  kbm+03     *           6.55
600   13          0  kbm+03     *           2.53

601   44          0  tml93      32.09       *
602   17          0  hfs+04     481.14      23.77
603   0.4         0  jk18       *           0.24
604   7.2         0  jk18       *           17.84
605   52.9        0  ncb+15     *           1.40

606   1.23        0  nbb+14     *           2.95
607   56          0  kbm+03     *           14.41
608   42          0  kbm+03     *           1.54
609   7.9         0  jk18       *           1.16
610   11          5  bsb+19     *           48.48

611   6.9         0  jk18       *           36.31
612   4.9         0  jk18       *           7.02
613   25.7        0  lylg95     37.35       2.30
614   26          0  kbm+03     *           3.66
615   27.0        0  ncb+15     *           1.97

616   11.9        0  jk18       *           65.05
617   12.2        0  jk18       45.93       4.46
618   4.3         0  jk18       *           19.67
619   14.8        0  jk18       *           22.25
620   9.4         0  kbm+03     *           2.65

621   5.8         0  kbm+03     *           3.09
622   79.9        0  jk18       *           375.55
623   33.5        0  jk18       *           19.67
624   13          0  kel+09     *           14.56
625   0.31        0  kxl+98     39.77       0.66

626   22          0  ebvb01     *           1.31
627   23          0  kbm+03     *           0.53
628   1.84        0  ccb+20     *           4.27
629   67          0  mlc+01     *           71.66
630   11          0  mlc+01     *           2.43

631   86          0  kel+09     *           14.82
632   7.4         0  jk18       *           11.82
633   34.1        0  ncb+15     *           1.54
634   46          0  kbm+03     *           13.89
635   5           0  lfl+06     *           4.11

636   4.7         0  kbm+03     *           0.38
637   19.8        0  jk18       *           2.40
638   23          0  kbm+03     *           3.38
639   7.6         0  jk18       *           62.52
640   14          0  mlc+01     *           9.67

641   4.9         0  jk18       *           7.99
642   5.3         0  jk18       156.74      2.24
643   35          0  hfs+04     *           4.45
644   54          0  kbm+03     *           10.09
645   6.3         0  jk18       416.23      20.81

646   46.2        0  lylg95     2715.18     205.38
647   15          0  kbm+03     *           5.74
648   0.27        0  nbb+14     *           0.72
649   10.7        0  jk18       *           17.60
650   4.0         0  jk18       19.98       4.34

651   0.128       0  bbb+13     *           4.39
652   8.8         0  kbm+03     *           9.10
653   0.67        0  mlb+12     *           3.02
654   0.149       0  ccb+20     *           2.47
655   39          0  hfs+04     *           2.76

656   13          0  kbm+03     *           13.25
657   12          0  kbm+03     *           6.03
658   12          0  kbm+03     *           8.54
659   4.3         0  jk18       *           45.19
660   7           0  lxf+05     8.28        *

661   5.9         0  jk18       29.08       2.74
662   13          0  kbm+03     *           0.82
663   11          0  kbm+03     *           10.19
664   85          0  kbm+03     *           19.22
665   31.6        0  jk18       *           4.96

666   33.2        0  jk18       *           24.88
667   2.8         1  bsb+19     *           4.75
668   0.9         0  lem+15     *           1.31
669   8.4         0  jk18       186.34      12.90
670   63          0  kbm+03     *           4.50

671   10.8        0  lylg95     106.70      12.64
672   27.3        0  jk18       533.51      106.70
673   29          0  kbm+03     *           13.36
674   3.8         0  jk18       2979.08     201.09
675   28.9        0  ccb+20     *           13.04

676   22          0  mlc+01     *           22.08
677   9.5         0  lfl+06     *           2.10
678   6.5         0  jk18       581.90      196.26
679   9.0         0  hfs+04     256.23      12.30
680   0.094       1  mhb+13     *           9.76

681   4.3         0  jk18       *           999.81
682   9.9         0  jk18       349.95      43.74
683   127         0  lfl+06     *           10.56
684   62          0  mlc+01     *           2.17
685   5.9         0  jk18       *           3.20

686   29          0  kbm+03     *           6.18
687   4.3         0  jk18       2880.00     448.00
688   7           1  dsb+98     174.63      *
689   14.5        0  jk18       106.35      9.04
690   10.8        0  jk18       *           15.13

691   24.4        0  ccb+20     *           2.42
692   2.5         0  jk18       362.34      40.76
693   1.206       3  mhb+13     5.90        0.98
694   11          0  lfl+06     *           0.32
695   3.8         0  jk18       457.63      63.44

696   20          1  dsb+98     25.44       *
697   26          0  mlc+01     *           5.69
698   59.8        0  jk18       25.67       17.97
699   9.8         0  jk18       63.80       2.01
700   20          0  mlc+01     *           6.81

701   3           0  tjb+13     *           2.61
702   13.8        0  jk18       *           0.96
703   5.6         0  hfs+04     *           5.34
704   100         0  mlc+01     *           11.33
705   37.6        0  lylg95     168.69      *

706   42          0  mlc+01     *           51.35
707   44          0  kbm+03     *           21.78
708   33          0  kbm+03     *           1.93
709   18          0  mlc+01     *           30.35
710   1.1         0  jk18       *           12.61

711   2.8         0  lfl+06     *           0.68
712   7.2         0  jk18       *           3.77
713   28.7        0  ncb+15     *           6.34
714   15.2        0  ccb+20     *           3.67
715   125         0  kbm+03     *           8.95

716   37.6        0  ncb+15     *           5.27
717   3.6         0  jk18       *           9.21
718   8.9         0  jk18       210.76      17.36
719   14          0  mlc+01     *           6.46
720   31          0  mlc+01     *           15.42

721   11.9        0  lylg95     25.38       1.59
722   24.471      6  bsb+19     *           5.78
723   14.4        0  jk18       1361.07     79.40
724   8.4         0  jk18       *           108.66
725   68          0  kbm+03     *           6.01

726   14          0  kbm+03     *           8.49
727   25.7        0  lylg95     9.14        *
728   9.13        0  ccb+20     *           2.42
729   6.5         0  kbm+03     *           27.94
730   5.5         0  jk18       122.27      8.15

731   9.76        0  ncb+15     *           2.06
732   220         0  mlc+01     *           56.18
733   43          0  mlc+01     *           15.87
734   38          0  hfs+04     *           14.87
735   7.7         0  lfl+06     *           18.40

736   8.6         0  jk18       *           6.07
737   0.291       0  ccb+20     *           2.53
738   10.5        0  jk18       *           9.54
739   26          0  hfs+04     *           0.51
740   20          0  mlc+01     *           5.52

741   17          0  kbm+03     *           11.18
742   24.4        0  jk18       *           26.89
743   32          0  hfs+04     1524.75     50.51
744   9.8         0  lfl+06     *           4.57
745   17          0  mlc+01     *           26.05

746   17.5        0  ncb+15     *           2.70
747   34          0  mlc+01     *           15.23
748   0.78        0  nbb+14     *           9.83
749   14.7        0  lylg95     16.67       1.67
750   0.57        0  mh04       48.60       5.18

751   9.6         0  jk18       11152.90    1254.70
752   11          0  mlc+01     *           4.05
753   8.1         0  lfl+06     *           5.37
754   168         0  lfl+06     *           8.91
755   18          0  kbm+03     *           4.76

756   96          8  dsb+98     535.41      *
757   13          0  mlc+01     *           5.51
758   10.4        0  jk18       *           5.61
759   10.1        0  jk18       *           29.72
760   62.5        0  jk18       *           20.55

761   2.6         0  jk18       *           2.91
762   30          0  lwf+04     114.10      *
763   9           0  lfl+06     *           7.39
764   36          0  hfs+04     *           11.43
765   69.3        0  ncb+15     *           3.99

766   9.8         0  ncb+15     *           1.12
767   14          0  kbm+03     *           16.55
768   80.3        0  jk18       *           18.40
769   39.0        0  jk18       *           56.92
770   240         0  kbm+03     *           13.12

771   11.6        0  jk18       *           3.58
772   7.0         3  bsb+19     *           11.90
773   10          0  kbm+03     *           13.63
774   82.7        0  jk18       *           247.10
775   14          0  lfl+06     *           22.17

776   20.1        0  crh+06a    *           15.83
777   18          0  hfs+04     *           21.15
778   11.9        0  jk18       *           81.62
779   17.0        0  jk18       *           11.93
780   47.7        0  jk18       *           13.52

781   7.6         0  jk18       *           580.10
782   48          0  kbm+03     *           8.76
783   6.2         0  jk18       *           274.06
784   15.0        0  ccb+20     *           56.92
785   43.5        0  ncb+15     *           17.84

786   14          0  lfl+06     *           2.60
787   7.5         0  jk18       *           8.95
788   34.4        0  jk18       *           1.04
789   14          1  mbc+20     250.00      *
790   17.4        0  lylg95     53.87       2.37

791   75          0  kbm+03     *           14.96
792   40          0  kbm+03     *           21.67
793   23.2        0  jk18       364.29      93.68
794   7.273       4  bsb+19     *           12.74
795   10.1        0  jk18       *           44.99

796   44          0  kbm+03     *           24.91
797   17          0  kbm+03     *           47.08
798   40          0  kbm+03     *           112.50
799   14          0  lfl+06     *           52.19
800   3.1         0  jk18       177.71      17.77

801   15.1        0  jk18       *           18.09
802   21          0  kbm+03     *           8.19
803   67          0  kel+09     *           40.11
804   57          0  lfl+06     *           243.81
805   61.7        0  eklk13     *           45.26

806   18          1  bsb+19     *           172.28
807   34          0  kbm+03     *           3.82
808   31.6        0  ncb+15     *           23.31
809   4.6         0  jk18       *           43.39
810   5.2         0  jk18       *           9.40

811   52          0  lfl+06     *           7.20
812   13          0  kbm+03     *           10.69
813   24          0  kbm+03     *           22.02
814   18.7        0  jk18       215.23      14.35
815   0.22        0  kxl+98     *           4.59

816   15          0  kbm+03     *           5.19
817   21.3        0  jk18       *           37.59
818   13          0  kbm+03     *           14.68
819   47.0        0  jk18       *           1.62
820   0.11        0  hrs+07     126.75      5.92

821   0.46        0  hrs+07     *           0.93
822   0.20        0  hrs+07     *           1.27
823   0.20        0  hrs+07     *           1.01
824   0.15        0  hrs+07     *           0.42
825   0.314       2  mhb+13     41.07       2.56

826   9           0  lfl+06     *           10.10
827   21          0  kbm+03     *           2.34
828   15          0  kbm+03     *           6.52
829   8.0         0  jk18       7593.75     6075.00
830   40.3        0  eklk13     *           26.87

831   3.4         0  jk18       5813.52     170.12
832   11          0  lwf+04     35.23       *
833   185         0  kbm+03     *           86.18
834   10.9        0  jk18       *           48.45
835   15          0  lfl+06     *           20.47

836   74.9        0  jk18       35.65       7.60
837   10.0        0  jk18       *           50.80
838   9.8         0  jk18       498.07      31.70
839   42          0  kbm+03     *           16.75
840   10.9        0  jk18       *           12.18

841   10.2        0  jk18       *           21.69
842   25          0  lwf+04     4625.00     *
843   8           0  lfl+06     *           125.00
844   22.8        0  ncb+15     *           9.06
845   26          0  mlc+01     *           14.57

846   11.9        0  jk18       *           9.12
847   18          0  mlc+01     *           59.47
848   47.9        0  jk18       *           188.51
849   44.2        0  jk18       14.47       1.22
850   7.6         0  kbm+03     *           6.88

851   20          0  kbm+03     *           7.42
852   5.2         0  jk18       *           9.36
853   3           0  lfl+06     *           8.17
854   27.4        0  lylg95     6.29        0.21
855   102.2       0  jk18       2704.00     578.66

856   52          0  kbm+03     *           13.83
857   16.1        0  jk18       908.24      161.90
858   20.8        0  jk18       404.93      111.36
859   75.6        0  jk18       *           59.61
860   9.5         0  jk18       *           0.14

861   29.8        0  jk18       104.42      18.16
862   44          0  snt97      7062.50     *
863   2.4         0  jk18       *           59.19
864   122         0  lfl+06     *           118.17
865   22.8        0  ccb+20     *           52.89

866   11.9        0  jk18       *           30.04
867   105         0  kbm+03     *           8.50
868   75          0  kbm+03     *           41.52
869   11.7        0  jk18       219.81      7.33
870   18          0  lfl+06     *           79.47

871   19          0  kbm+03     *           15.32
872   31          0  kel+09     *           15.75
873   81.6        0  jk18       *           252.11
874   95.5        0  eklk13     *           90.63
875   20          0  lfl+06     *           33.41

876   13          0  kbm+03     *           7.89
877   97          0  kbm+03     *           22.08
878   27.4        0  ncb+15     *           98.77
879   12.2        0  jk18       *           59.67
880   8.7         0  lylg95     1.48        *

881   11          0  kbm+03     *           5.22
882   18          0  kbm+03     *           67.62
883   31.7        0  jk18       1145.61     87.28
884   22          0  lfl+06     *           69.01
885   14          0  hfs+04     *           31.13

886   16          0  lfl+06     *           5.83
887   47.2        0  jk18       *           17.99
888   13          0  kbm+03     *           40.41
889   40.9        0  jk18       *           687.26
890   18.3        0  jk18       *           1189.56

891   128.7       0  eklk13     *           30.46
892   14          0  kbm+03     *           69.22
893   10.0        0  jk18       *           18.45
894   41          0  hfs+04     *           11.12
895   5.9         0  jk18       *           11.72

896   11.5        0  jk18       *           17.22
897   74          0  kbm+03     *           47.25
898   11.4        0  lylg95     89.79       5.71
899   37.7        0  jk18       320.96      87.26
900   12          0  kbm+03     *           5.73

901   9.7         0  jk18       372.35      23.69
902   11.7        0  ccb+20     *           31.14
903   7.273       4  bsb+19     *           54.43
904   90          0  qmlg95     58.07       *
905   154.2       0  jk18       16.18       5.19

906   11.7        0  jk18       457.35      78.19
907   22          0  kbm+03     *           30.88
908   22.1        0  jk18       *           18.78
909   40.4        0  jk18       *           46.32
910   10.0        0  jk18       *           4.74

911   165.7       0  jk18       *           12.44
912   26          0  kbm+03     *           62.26
913   16          0  kbm+03     *           86.35
914   11.8        0  ccb+20     *           71.87
915   30.7        0  jk18       *           163.20

916   12          0  kbm+03     *           77.85
917   4.7         0  jk18       *           395.25
918   21.0        0  jk18       803.38      44.63
919   0.55        0  nbb+14     *           14.44
920   21.8        0  ncb+15     *           15.36

921   40          0  kbm+03     *           178.13
922   17          0  hfs+04     *           117.30
923   25          0  tml93      4.37        *
924   7.6         0  jk18       14.84       4.58
925   0.34        0  lwf+04     11.97       0.95

926   17          0  kbm+03     *           149.99
927   19          0  mlc+01     *           5.73
928   50          0  kbm+03     *           5.82
929   10.1        0  jk18       *           16.91
930   5.7         0  jk18       169.00      81.80

931   87.5        0  jk18       *           25.36
932   61.4        0  ncb+15     *           3.71
933   12          0  kbm+03     *           16.04
934   12.2        0  lylg95     6.89        0.82
935   24          0  kbm+03     *           2.75

936   7           0  lfl+06     *           4.13
937   16          0  tml93      182.09      *
938   0.110       1  mhb+13     8.98        12.02
939   17          0  kbm+03     *           5.09
940   12          0  hfs+04     *           5.28

941   6.2         0  jk18       *           0.02
942   60          0  kel+09     *           1.31
943   110         0  mlc+01     *           9.30
944   61          0  lfl+06     *           14.58
945   5.4         0  jk18       *           9.22

946   77.1        0  jk18       *           29.15
947   26          0  hfs+04     *           24.67
948   14          0  mlc+01     *           11.85
949   13.4        0  jk18       *           41.10
950   12          0  kel+09     *           4.23

951   3.2         0  jk18       *           143.97
952   11.5        0  jk18       *           2437.50
953   22          0  kbm+03     *           13.01
954   287         0  kbm+03     *           7.54
955   299         0  lfl+06     *           64.10

956   41          0  kbm+03     *           109.56
957   38          0  kbm+03     *           113.46
958   9.6         0  jk18       795.63      58.35
959   11.4        0  jk18       *           62.98
960   96          0  hfs+04     *           6.52

961   152.0       0  jk18       *           6.14
962   1.6         0  jk18       *           20.68
963   28.4        0  ncb+15     *           9.41
964   11          0  lfl+06     *           15.24
965   0.30        0  nbb+14     *           0.05

966   8.9         6  bsb+19     *           2.92
967   5.1         0  jk18       *           135.17
968   5.7         0  kbm+03     *           66.80
969   59.0        0  lylg95     122.22      5.56
970   16.2        0  lylg95     12.69       1.07

971   8           0  lwf+04     74.81       *
972   14.5        0  jk18       38.37       2.64
973   8.41        0  ncb+15     *           1.14
974   7.5         0  mlc+01     *           11.35
975   20.6        0  lylg95     36.98       22.19

976   0.92        0  eb01b      *           1.08
977   29.8        0  jk18       *           355.49
978   5.2         0  jk18       522.96      46.30
979   18.7        0  jk18       *           43.03
980   3.7         0  jk18       153.39      23.32

981   4           0  lfl+06     *           18.09
982   0.20        0  cls+13     *           0.95
983   50.0        0  eklk13     *           2.96
984   6.9         0  jk18       *           25.68
985   13.7        0  ncb+15     *           3.75

986   32          0  hfs+04     *           122.57
987   24          0  mlc+01     *           11.02
988   28          0  lfl+06     *           2.71
989   9.8         0  crh+06a    *           0.00
990   37          0  lfl+06     *           4.52

991   33          0  mlc+01     *           14.05
992   32          0  kbm+03     *           2.40
993   50          0  kbm+03     *           6.78
994   37.0        0  jk18       *           8.70
995   7.8         0  mlc+01     *           6.81

996   20          0  hfs+04     *           18.56
997   87.3        0  jk18       *           27.21
998   1.8         0  lem+15     *           0.89
999   11.4        0  ccb+20     *           15.07
1000  14.4        0  lylg95     23.42       *

1001  8.1         0  mlc+01     *           3.95
1002  102         0  lfl+06     *           57.20
1003  0.965       4  mhb+13     16.53       1.54
1004  23          0  lfl+06     *           18.89
1005  7.1         0  jk18       111.93      52.31

1006  54          0  hfs+04     *           4.55
1007  25.9        0  ncb+15     *           0.63
1008  0.13        0  nbb+14     *           8.46
1009  19          0  hfs+04     *           15.21
1010  33.5        0  ncb+15     *           3.08

1011  17.1        0  jk18       93.10       13.23
1012  16          2  dsb+98     76.32       2.08
1013  14          0  lfl+06     *           4.51
1014  6.6         0  ncb+15     *           2.12
1015  40          0  kbm+03     *           37.09

1016  13.4        0  jk18       471.11      57.58
1017  21          0  hfs+04     *           29.24
1018  0.292       3  mhb+13     *           5.98
1019  61.3        0  jk18       30.53       4.88
1020  35          0  lfl+06     *           14.50

1021  12          0  lfl+06     *           1.57
1022  16          0  hfs+04     *           84.99
1023  34.3        0  mhl+02     *           14.36
1024  3.9         0  jk18       *           35.72
1025  14          0  hfs+04     *           181.10

1026  45.5        0  jk18       *           5.33
1027  9.6         0  lylg95     18.43       *
1028  31          0  lfl+06     *           3.42
1029  8.72        0  ccb+20     *           16.75
1030  10.7        0  ncb+15     *           1.54

1031  230.6       0  jk18       *           9.75
1032  4.5         0  jk18       799.99      102.22
1033  95.3        0  jk18       *           8.66
1034  9           1  mbc+20     375.00      *
1035  62          0  lfl+06     *           16.99

1036  21          0  hfs+04     *           5.78
1037  145         0  hfs+04     *           46.64
1038  15          0  kbm+03     *           1.24
1039  15.0        0  mhl+02     *           7.78
1040  16.3        0  jk18       *           15.24

1041  42          0  hfs+04     *           62.70
1042  5.4         0  jk18       *           6.20
1043  0.43        0  jac05      *           1.45
1044  35          0  lfl+06     *           8.65
1045  12          0  hfs+04     *           7.49

1046  13.7        0  ncb+15     *           24.44
1047  6.0         0  jk18       *           2.87
1048  34          0  hfs+04     *           5.97
1049  11.3        0  jk18       4.71        3.90
1050  91          0  hfs+04     *           7.76

1051  9.6         0  jk18       *           500.00
1052  7.1         0  jk18       *           0.49
1053  6.0         0  jk18       *           38.13
1054  2.9         0  jk18       *           9.54
1055  18.8        0  mhl+02     *           9.59

1056  20.7        0  jk18       *           120.63
1057  55.8        0  jk18       *           20.15
1058  9           0  lfl+06     *           0.07
1059  8.4         0  jk18       4.67        4.06
1060  25.9        0  jk18       418.54      36.62

1061  30          0  hfs+04     *           36.27
1062  2.4         0  jk18       3.94        1.42
1063  8.9         0  mhl+02     *           15.78
1064  11          0  hfs+04     *           5.27
1065  57.9        0  jk18       369.89      17.86

1066  0.16        0  jbo+07     *           1.08
1067  14          0  lfl+06     *           26.74
1068  40.9        0  jk18       *           17.00
1069  7           0  lwf+04     19.10       *
1070  10.7        0  mhl+02     *           8.28

1071  35.2        0  jk18       *           29.95
1072  19.1        0  ncb+15     *           4.14
1073  10.5        0  jk18       748.35      117.60
1074  65          0  lfl+06     *           9.10
1075  21.8        0  jk18       *           48.55

1076  6.5         0  lylg95     0.12        0.02
1077  14.6        0  lylg95     74.51       6.11
1078  75          0  hfs+04     *           5.90
1079  42.3        0  jk18       73.27       23.31
1080  11.7        0  jk18       *           46.66

1081  16.9        0  ncb+15     *           0.80
1082  8.9         0  jk18       *           47.71
1083  0.137       1  mhb+13     2.81        0.50
1084  26          0  hfs+04     118.64      1.48
1085  16.0        0  mhl+02     *           7.64

1086  3.4         0  lfl+06     *           2.27
1087  7.6         0  jk18       *           30.86
1088  1.8         0  eb01b      0.09        0.02
1089  14          0  hfs+04     *           31.48
1090  6.1         0  jk18       2.64        0.84

1091  8.1         0  jk18       *           4.60
1092  34          0  clm+05     58.79       *
1093  24          0  lwf+04     750.00      *
1094  29.9        0  ncb+15     *           2.59
1095  31          0  dcl09      *           27.01

1096  45          0  dcl09      *           25.20
1097  66          0  kel+09     *           57.96
1098  27.3        0  mhl+02     *           13.25
1099  7           1  cmgl02     *           1.59
1100  12.3        0  lylg95     132.81      11.55

1101  87          0  hfs+04     678.98      25.12
1102  5.2         0  hfs+04     *           5.03
1103  0.8         0  nt92       *           18.45
1104  25.5        0  ncb+15     *           30.57
1105  9.1         0  hfs+04     *           20.79

1106  46.4        0  mhl+02     *           12.32
1107  41.7        0  jk18       2058.40     664.52
1108  5.2         0  jk18       *           0.39
1109  12.133      3  bsb+19     *           3.45
1110  18          0  tml93      18.65       *

1111  358         0  lfl+06     *           18.75
1112  9.6         0  mhl+02     *           82.50
1113  32          0  hfs+04     *           6.37
1114  16.8        0  ncb+15     *           1.49
1115  7.1         0  jk18       *           31.99

1116  67          0  hfs+04     997.21      27.17
1117  27.3        0  mhl+02     *           5.90
1118  0.25        0  lfl+06     *           0.07
1119  5.9         0  jk18       *           387.61
1120  11.5        0  jk18       38.23       3.60

1121  4           0  lwf+04     32.13       *
1122  7.1         0  hfs+04     *           72.26
1123  6.1         0  jk18       44.00       1.91
1124  11.5        0  mhl+02     *           9.46
1125  10          0  lfl+06     *           1.10

1126  3           0  kel+09     *           1.57
1127  57          0  hfs+04     *           64.83
1128  12          0  hfs+04     *           24.69
1129  4.1         0  lfl+06     *           3.11
1130  11.4        0  lylg95     191.40      62.50

1131  14          0  lfl+06     *           2.77
1132  6           0  kel+09     *           45.94
1133  13.4        0  mhl+02     *           8.30
1134  20          0  hfs+04     *           4.34
1135  15          0  hfs+04     *           3.29

1136  11.7        0  ncb+15     *           4.78
1137  16.3        0  ncb+15     *           2.18
1138  23.8        0  mhl+02     *           3.65
1139  3.90        0  nbb+14     *           35.47
1140  32          0  bfrs18     437.50      8.75

1141  19          0  hfs+04     *           5.71
1142  0.78        0  lfl+06     *           0.32
1143  25          0  hfs+04     123.48      29.40
1144  25.4        0  ncb+15     *           4.55
1145  18          0  kel+09     *           2.61

1146  2.1         7  bsb+19     *           1.60
1147  0.705       0  ccb+20     *           95.64
1148  1.3         0  jk18       *           11.11
1149  9.6         0  jk18       195.19      70.27
1150  0.49        0  ncb+15     *           4.63

1151  21          0  hfs+04     *           7.85
1152  16.6        0  mhl+02     *           93.05
1153  120.0       0  mhl+02     *           7.56
1154  15.6        0  mhl+02     *           7.76
1155  4.4         0  lfl+06     *           0.80

1156  27          0  snt97      95.69       *
1157  18          0  lfl+06     *           2.90
1158  34          0  hfs+04     *           76.08
1159  19.6        0  mhl+02     *           57.41
1160  37.9        0  mhl+02     *           8.75

1161  3.9         0  hfs+04     212.03      13.78
1162  52.2        0  jk18       *           43.46
1163  22.4        0  mhl+02     *           20.00
1164  72.3        0  ncb+15     *           11.86
1165  15.6        0  mhl+02     *           14.51

1166  10.0        0  hfs+04     75.94       3.27
1167  16          0  hfs+04     *           8.77
1168  27.4        0  crh+06a    *           0.31
1169  90          0  hfs+04     *           77.90
1170  11.4        0  lylg95     559.91      23.06

1171  0.6         0  lfl+06     *           0.21
1172  41.9        0  mhl+02     *           189.36
1173  40.0        0  mhl+02     *           11.99
1174  47          0  hfs+04     *           42.03
1175  8.4         0  jk18       *           3.59

1176  128.3       0  jk18       *           112.00
1177  4.6         0  jk18       112.81      21.12
1178  49.6        0  jk18       *           23.60
1179  0.62        0  nbb+14     *           11.95
1180  47          0  lfl+06     *           3.85

1181  64.4        5  bsb+19     *           2.48
1182  8.8         0  mhl+02     *           9.14
1183  0.37        0  lfl+06     *           0.44
1184  22.2        0  mhl+02     *           99.47
1185  76.6        0  jk18       *           37.38

1186  19          0  hfs+04     *           57.97
1187  25.6        0  mhl+02     *           46.52
1188  12          0  hfs+04     *           42.42
1189  13.1        0  jk18       445.28      185.86
1190  17.0        0  jk18       40.84       14.42

1191  3.7         0  kxl+98     188.60      60.84
1192  27.3        0  mhl+02     *           3.29
1193  1.55        0  llb+96     9.72        0.26
1194  11.5        0  jk18       *           25.68
1195  229         0  lfl+06     *           108.25

1196  26.3        0  mhl+02     *           31.37
1197  13.2        0  mhl+02     *           8.44
1198  11          0  hfs+04     *           5.65
1199  9.2         0  jk18       *           4.21
1200  30.0        0  jk18       36.12       24.38

1201  34          0  hfs+04     *           22.69
1202  659.9       0  jk18       *           229.13
1203  29.2        0  jk18       *           19.10
1204  18.2        0  clm+05     136.00      *
1205  8.3         0  jk18       146.25      40.95

1206  0.33        9  rgh+01     *           8.56
1207  9.7         0  jk18       5901.31     214.81
1208  20.4        0  jk18       441.75      25.24
1209  8           0  lfl+06     *           15.00
1210  21.8        0  eklk13     *           6.49

1211  66          0  lfl+06     *           78.23
1212  76          0  hfs+04     *           54.59
1213  23          0  lfl+06     *           1.10
1214  4.3         0  jk18       *           66.96
1215  13.5        0  jk18       *           58.79

1216  11.0        0  mhl+02     *           176.54
1217  55          0  hfs+04     *           4.36
1218  17.0        0  jk18       *           29.90
1219  150         0  crh+06     *           8.81
1220  46.3        0  mhl+02     *           24.60

1221  13          0  hfs+04     *           14.25
1222  150         3  dsb+98     10691.82    *
1223  14          0  hfs+04     *           9.58
1224  134.2       0  ccb+20     *           94.85
1225  13.6        0  mhl+02     *           12.57

1226  7.2         0  mhl+02     *           16.42
1227  7           0  qmlg95     32.55       *
1228  21.6        0  jk18       *           86.43
1229  13          0  lwf+04     19.34       *
1230  38.8        0  ncb+15     *           5.37

1231  23.4        0  mhl+02     *           25.47
1232  16.7        0  mhl+02     *           10.22
1233  0.11        0  nbb+14     *           1.24
1234  15          0  lfl+06     *           4.05
1235  11.1        0  jk18       *           0.84

1236  13.2        0  lylg95     196.83      15.54
1237  16.4        0  jk18       *           14.88
1238  65.2        0  jk18       *           97.94
1239  28          0  hfs+04     *           9.82
1240  40.8        0  jk18       *           291.92

1241  12          0  lfl+06     *           89.06
1242  6           0  lwf+04     14.93       *
1243  13.1        0  mhl+02     *           134.42
1244  21          0  hfs+04     *           32.68
1245  0.66        0  lem+15     *           5.90

1246  12.2        0  lylg95     193.42      26.59
1247  48          0  lfl+06     *           20.81
1248  10          0  naf03      12.41       *
1249  27.1        0  jk18       *           35.22
1250  92.0        0  mhl+02     *           17.76

1251  6.4         0  jk18       *           9.55
1252  25.4        0  mhl+02     *           12.06
1253  6           0  lfl+06     *           1.67
1254  25          0  hfs+04     *           23.45
1255  12.2        0  jk18       *           25.70

1256  40.0        0  jk18       232.12      32.24
1257  0.24        0  slr+14     28.46       *
1258  13          0  lfl+06     *           0.01
1259  21          0  hfs+04     *           23.17
1260  9.0         0  jk18       425.73      61.92

1261  4.5         0  jk18       444.47      114.82
1262  15          1  bsb+19     *           32.96
1263  25          0  hfs+04     *           84.59
1264  17.1        0  jk18       *           285.67
1265  45.0        0  eklk13     *           4.74

1266  130.4       0  mhl+02     *           60.38
1267  27.2        0  mhl+02     *           22.96
1268  26          0  kel+09     *           5.88
1269  20          0  hfs+04     *           137.91
1270  9.9         0  hfs+04     *           64.16

1271  94.1        0  eklk13     *           35.98
1272  64          0  hfs+04     *           40.27
1273  56.0        0  jk18       101.54      18.02
1274  23          0  lfl+06     *           0.11
1275  116.8       0  mhl+02     *           40.28

1276  6.9         0  mhl+02     *           10.25
1277  87.1        0  ncb+15     *           0.50
1278  31.5        0  eklk13     *           5.97
1279  10.5        0  jk18       1281.61     75.92
1280  9           0  lfl+06     *           2.78

1281  33          0  hfs+04     *           69.67
1282  32.2        0  jk18       *           22.40
1283  12.4        0  jk18       *           295.64
1284  10          0  lfl+06     *           1.90
1285  99          0  hfs+04     *           7.51

1286  37          0  kel+09     *           4.53
1287  45          0  clm+05     63.42       *
1288  18          0  lfl+06     *           0.59
1289  28          0  hfs+04     *           31.02
1290  25          0  lxf+05     30.23       *

1291  105         0  hfs+04     *           10.25
1292  9.1         0  hfs+04     *           18.10
1293  115         0  hfs+04     *           44.21
1294  43.7        0  jk18       265.69      40.38
1295  20.5        0  jk18       95.16       12.23

1296  8.1         0  hfs+04     361.18      21.67
1297  10.2        0  lylg95     72.00       6.80
1298  26          0  hfs+04     317.32      92.31
1299  23          0  hfs+04     *           43.86
1300  34.6        0  mhl+02     *           14.14

1301  41          0  hfs+04     *           31.27
1302  34.6        0  mhl+02     *           40.16
1303  0.34        0  stc99      2342.56     105.42
1304  6.0         0  lylg95     322.10      10.25
1305  3.6         0  jk18       90.55       14.09

1306  20          0  lfl+06     *           2.07
1307  7.4         2  bsb+19     *           1.15
1308  23          0  hfs+04     *           47.08
1309  10.8        0  mhl+02     *           13.91
1310  19.4        0  ncb+15     *           1.76

1311  9.9         0  mhl+02     *           16.57
1312  18          0  hfs+04     *           5.91
1313  1.3         0  jk18       971.99      106.78
1314  13          0  lfl+06     *           4.65
1315  35          0  lfl+06     *           19.80

1316  0.972       3  mhb+13     1210.00     69.57
1317  10.3        0  lylg95     27.71       1.39
1318  0.149       0  bbb+13     *           2.98
1319  9.8         0  jk18       3.24        0.92
1320  42.1        0  ncb+15     *           0.98

1321  9.0         0  jk18       *           57.17
1322  160         0  hfs+04     79.04       11.22
1323  5.9         0  jk18       *           61.12
1324  13.4        0  mhl+02     *           102.39
1325  0.361       1  bsb+19     *           2.09

1326  10          0  lfl+06     *           289.48
1327  19.5        0  mhl+02     *           4.80
1328  20.6        0  jk18       *           55.75
1329  8.4         0  jk18       *           220.12
1330  8.7         0  hfs+04     *           3.38

1331  9.9         0  jk18       *           4.39
1332  9.1         0  jk18       *           52.27
1333  34.6        0  mhl+02     *           16.43
1334  12          0  naf03      9.10        *
1335  22          0  lfl+06     *           122.59

1336  16          0  lfl+06     *           9.83
1337  7.1         0  kbm+03     *           16.71
1338  98.8        0  ncb+15     *           6.10
1339  13.5        0  jk18       2749.34     387.73
1340  0.8         0  clm+05     0.25        *

1341  9           0  lfl+06     *           4.20
1342  11          0  lfl+06     *           4.29
1343  5.36        0  ncb+15     *           1.17
1344  2.0         0  jk18       20.80       14.86
1345  62.2        0  mhl+02     *           15.53

1346  38          0  kel+09     *           41.48
1347  10          0  lfl+06     *           10.20
1348  11.9        0  jk18       *           15.10
1349  8           0  lfl+06     *           4.75
1350  92.1        0  jk18       *           28.52

1351  47.1        0  mhl+02     *           19.93
1352  23          0  hfs+04     *           19.46
1353  7           0  lfl+06     *           0.15
1354  27.3        0  mhl+02     *           75.25
1355  3.8         0  jk18       254.18      108.16

1356  0.058       0  bbb+13     *           7.37
1357  6.4         0  jk18       74.82       41.81
1358  17.4        0  ncb+15     *           10.71
1359  4.8         0  jk18       556.24      17.50
1360  69          0  hfs+04     *           17.63

1361  41.4        0  mhl+02     *           30.54
1362  2.2         0  jk18       *           139.72
1363  2.5         0  crg+06     *           1.19
1364  24.2        0  mhl+02     *           29.63
1365  58          0  tml93      9.82        *

1366  30.2        0  lylg95     57.30       3.26
1367  5           0  lfl+06     *           3.72
1368  84          0  hfs+04     477.79      31.03
1369  16.8        0  mhl+02     *           32.16
1370  101.6       0  hfs+04     *           19.54

1371  37.6        0  jk18       *           21.83
1372  18          0  hfs+04     *           8.43
1373  64.5        0  ncb+15     *           4.00
1374  63          0  hfs+04     *           26.19
1375  12.2        0  jk18       *           8.12

1376  32          0  lfl+06     *           25.68
1377  0.2         0  eklk13     *           1.19
1378  15          0  lfl+06     *           4.86
1379  23          0  hfs+04     *           17.77
1380  34.3        0  jk18       *           58.45

1381  46          1  bsb+19     *           15.10
1382  41.6        0  mhl+02     *           13.99
1383  7           0  lfl+06     *           10.66
1384  4           0  lfl+06     *           2.38
1385  5.0         0  jk18       *           15.69

1386  3.9         0  jk18       299.38      24.95
1387  17          0  lfl+06     *           22.98
1388  9.3         0  jk18       *           37.98
1389  13          0  hfs+04     *           10.37
1390  6.1         0  jk18       1541.57     137.03

1391  25.7        0  ncb+15     *           4.42
1392  2           0  lfl+06     *           1.32
1393  7.2         0  jk18       98.91       4.95
1394  49          0  lfl+06     *           6.14
1395  7.3         0  jk18       *           10.80

1396  14.7        0  jk18       *           17.07
1397  50.3        0  jk18       *           59.90
1398  37          3  bsb+19     *           5.49
1399  7.6         0  jk18       *           21.80
1400  24.4        0  mhl+02     *           11.63

1401  6.7         0  jk18       *           4.18
1402  34.4        0  ncb+15     *           1.86
1403  11.8        0  jk18       *           17.58
1404  6.7         0  jk18       *           6.93
1405  36          0  hfs+04     *           3.31

1406  16.6        0  mhl+02     *           8.46
1407  72          0  lxf+05     6.17        *
1408  45.3        0  ncb+15     *           4.08
1409  4.4         0  jk18       *           16.79
1410  7.0         0  mhl+02     *           3.83

1411  6           0  lfl+06     *           4.62
1412  11.7        0  mhl+02     *           4.75
1413  23.2        0  mhl+02     *           1.75
1414  20.6        0  jk18       *           37.13
1415  15.9        0  jk18       *           10.22

1416  30          0  lfl+06     *           5.85
1417  10          0  lfl+06     *           2.39
1418  22.4        7  bsb+19     *           7.68
1419  16          0  hfs+04     *           5.56
1420  37          0  kel+09     *           5.25

1421  140.1       0  eklk13     *           75.46
1422  7.4         0  jk18       *           82.43
1423  21.3        0  jk18       *           33.44
1424  188         0  lfl+06     *           44.65
1425  11          0  hfs+04     *           12.95

1426  15          0  lfl+06     *           30.70
1427  27.1        0  lylg95     44.11       8.40
1428  6           0  lfl+06     *           1.07
1429  21          0  hfs+04     *           50.94
1430  59          0  hfs+04     *           2.61

1431  11.2        0  jk18       *           18.54
1432  4.3         0  jk18       50.31       63.86
1433  11.3        0  jk18       *           3.40
1434  7.9         0  lylg95     55.38       4.71
1435  17          0  lfl+06     *           36.32

1436  20.0        0  jk18       *           2.42
1437  21.4        0  mhl+02     *           29.17
1438  52          0  lfl+06     *           6.60
1439  43          0  hfs+04     *           18.65
1440  4           0  lfl+06     *           1.69

1441  280         0  jk18       257.53      60.59
1442  11          0  hfs+04     *           4.62
1443  53          0  hfs+04     *           17.71
1444  13          0  lfl+06     *           53.50
1445  24.9        0  ncb+15     *           1.56

1446  5.36        0  jk18       *           98.12
1447  88.4        0  jk18       *           41.34
1448  24.9        0  jk18       *           42.09
1449  19.1        0  mhl+02     *           16.53
1450  17          0  hfs+04     *           15.26

1451  24          0  hfs+04     *           32.71
1452  19.1        0  jk18       *           29.92
1453  12          0  hfs+04     *           2.70
1454  53.9        0  jk18       *           45.38
1455  24.0        0  ncb+15     *           1.16

1456  2.4         0  jk18       *           4.95
1457  9           0  kel+09     *           8.46
1458  21          0  hfs+04     *           6.70
1459  0.25        0  hfs+04     *           0.16
1460  1.0         0  lem+15     *           6.87

1461  7           0  lfl+06     *           24.56
1462  29          0  clm+05     13.44       *
1463  12          0  hfs+04     *           402.71
1464  16          0  hfs+04     *           45.78
1465  17.3        0  jk18       *           26.63

1466  43.4        0  jk18       *           21.45
1467  19.0        0  ncb+15     *           3.32
1468  20.4        0  mhl+02     *           18.91
1469  13          0  hfs+04     76.54       10.39
1470  16          0  hfs+04     *           6.14

1471  24          0  hfs+04     *           8.38
1472  7.2         0  jk18       *           93.45
1473  11.4        0  jk18       56.65       5.10
1474  12          0  hfs+04     *           8.97
1475  15.1        0  jk18       *           41.88

1476  18          0  hfs+04     *           14.07
1477  13          0  lfl+06     *           7.98
1478  27.2        0  eklk13     *           31.86
1479  1.8         0  jk18       *           187.20
1480  13          0  lfl+06     *           8.29

1481  4           0  lfl+06     *           23.45
1482  63          0  lfl+06     *           27.78
1483  28.2        0  hfs+04     *           5.43
1484  7           0  lfl+06     *           67.98
1485  19          0  kel+09     *           3.41

1486  30.9        0  jk18       *           2.80
1487  609.9       0  jk18       *           1812.50
1488  205         0  hfs+04     *           11.11
1489  20.4        0  jk18       876.72      57.28
1490  11.3        0  mhl+02     *           9.58

1491  9.0         0  hfs+04     *           11.61
1492  13.1        0  mhl+02     *           14.96
1493  17.7        0  hfs+04     *           0.70
1494  27.9        0  hfs+04     *           10.43
1495  16.1        0  jk18       1529.44     294.27

1496  10.3        0  nab+13     *           9.14
1497  99          0  hfs+04     *           30.97
1498  9           0  lfl+06     *           59.13
1499  46          0  lxf+05     158.76      55.57
1500  13          0  hfs+04     2.93        0.22

1501  19          0  cn95       41.81       1.64
1502  31          0  lfl+06     *           6.70
1503  11.7        0  jk18       359.82      16.61
1504  40          1  mbc+20     18.85       *
1505  65.0        0  lylg95     9.59        *

1506  64.590      0  hfs+04     *           12.09
1507  17.0        0  mhl+02     *           10.12
1508  23.2        0  mhl+02     *           1.12
1509  9           0  lfl+06     *           0.87
1510  14          0  hfs+04     *           7.32

1511  89          0  hfs+04     385.18      20.74
1512  14.4        0  clm+05     36.36       *
1513  6           1  mbc+20     18.41       *
1514  139         0  kel+09     *           25.37
1515  13          0  kel+09     *           79.69

1516  12.6        0  jk18       *           24.57
1517  32          0  hfs+04     *           9.72
1518  24.7        0  nab+13     *           13.49
1519  4.7         0  jk18       28.18       3.76
1520  13          0  kel+09     *           13.08

1521  15.3        0  jk18       *           0.74
1522  22          0  lfl+06     *           7.61
1523  24          0  hfs+04     *           3.19
1524  13.5        0  lsb+17     *           12.81
1525  35          0  hfs+04     *           12.55

1526  71          0  hfs+04     *           11.04
1527  9.16        0  clh+20     *           4.61
1528  11          0  hfs+04     55.93       5.24
1529  16          0  hfs+04     *           5.78
1530  19          0  hfs+04     *           9.34

1531  274.9       0  jk18       *           326.40
1532  24          0  hfs+04     *           7.82
1533  18          0  hfs+04     *           18.93
1534  15.6        0  mhl+02     *           32.66
1535  79.8        0  jk18       *           193.66

1536  8.2         0  jk18       72.62       8.47
1537  1.69        0  jk18       *           19.95
1538  10.5        0  jk18       *           6.76
1539  8.5         0  mhl+02     *           3.10
1540  100         0  yws+15     *           91.63

1541  6.8         0  jk18       *           115.70
1542  50          0  lfl+06     *           17.60
1543  0.59        0  lfl+06     *           0.70
1544  109.3       0  eklk13     *           6.07
1545  10.4        0  lsb+17     *           15.42

1546  43          0  hfs+04     2105.48     197.15
1547  18.9        0  lylg95     381.98      *
1548  7.6         0  nab+13     *           9.57
1549  35.9        0  lsb+17     *           3.36
1550  12          0  hfs+04     *           34.23

1551  42.7        0  mhl+02     *           44.90
1552  3           0  kel+09     *           32.89
1553  5.4         0  hfs+04     *           10.68
1554  22.9        0  jk18       *           33.64
1555  16.8        0  hfs+04     *           16.25

1556  3.8         0  hfs+04     37.03       2.07
1557  14.6        0  nab+13     *           23.15
1558  6.6         0  mhl+02     *           18.53
1559  28          0  lfl+06     *           6.44
1560  22          0  hfs+04     31.53       5.80

1561  15.7        0  hfs+04     *           15.43
1562  16.0        0  mhl+02     *           15.81
1563  14          0  hfs+04     *           102.40
1564  14.0        0  lsb+17     *           2.22
1565  9.7         0  kbm+03     *           99.15

1566  12          0  hfs+04     *           24.16
1567  0.518       2  mhb+13     44.64       7.34
1568  32.5        0  mhl+02     *           11.50
1569  80          0  hfs+04     *           2.65
1570  10.6        0  lsb+17     *           1.37

1571  36.7        0  nab+13     *           5.73
1572  54          0  hfs+04     *           283.71
1573  24.32       0  hfs+04     *           12.43
1574  13.8        0  lsb+17     *           12.97
1575  11          0  cn95       25.45       *

1576  5.6         0  hfs+04     *           8.05
1577  45.3        0  clh+20     *           4.76
1578  17.3        0  mhl+02     *           6.73
1579  26.0        0  lsb+17     *           5.86
1580  11.1        0  hfs+04     *           17.73

1581  51         19  bsb+19     *           75.14
1582  52.0        0  jk18       64.19       7.35
1583  30          0  qmlg95     36.66       *
1584  22          0  hfs+04     *           19.22
1585  8.255       0  hfs+04     *           13.06

1586  6.1         0  hfs+04     142.84      3.96
1587  20.4        0  lsb+17     *           7.92
1588  70          0  hfs+04     *           10.72
1589  7.9         0  hfs+04     *           3.27
1590  10          0  lfl+06     *           6.42

1591  47.2        0  hfs+04     *           30.83
1592  11          0  hfs+04     8085.00     205.80
1593  12          0  hfs+04     *           6.70
1594  91.0        0  jk18       *           34.24
1595  315         0  lfl+06     *           449.37

1596  28.0        0  lsb+17     *           17.46
1597  56.86       0  hfs+04     *           23.12
1598  23.5        0  lsb+17     *           1.70
1599  43          0  lfl+06     *           4.07
1600  11          0  hfs+04     45.08       10.40

1601  41.6        0  jk18       40.68       12.94
1602  35          0  cn95       3.76        *
1603  59.3        0  jk18       *           0.24
1604  35.4033     0  hfs+04     *           6.10
1605  25          0  hfs+04     *           3.61

1606  11          0  hfs+04     194.40      15.55
1607  3.4         0  jk18       1078.00     78.40
1608  29          0  cn95       6.65        1.88
1609  11.80       1  bsb+19     *           1.87
1610  9.9         0  hfs+04     631.62      59.89

1611  7           0  lfl+06     *           2.29
1612  12          0  hfs+04     *           9.01
1613  16.0        0  lylg95     3564.48     *
1614  56.2        0  lsb+17     *           3.86
1615  89          0  lfl+06     *           7.83

1616  10          0  cn95       26.51       *
1617  7.1         0  jk18       648.01      117.45
1618  5           0  lfl+06     *           2.53
1619  2.5         0  mhl+02     *           4.82
1620  2.9         0  nab+13     *           8.71

1621  9.2         0  kbm+03     *           43.29
1622  28          0  hfs+04     132.91      17.52
1623  5.8         0  jk18       317.47      15.87
1624  12.4        9  bsb+19     *           106.25
1625  3.2         0  jk18       572.62      40.90

1626  0.51        0  hrs+07     *           4.80
1627  0.59        0  hfs+04     *           0.06
1628  13          0  hfs+04     *           32.50
1629  21          0  lxf+05     12.26       12.51
1630  32.2        0  jk18       *           47.12

1631  3.9         0  nab+13     *           12.95
1632  20          0  lfl+06     *           23.32
1633  0.2         0  pkr+19     *           0.72
1634  21.2        0  lsb+17     *           0.67
1635  16.7        0  jk18       137.20      137.20

1636  37          0  hfs+04     *           7.40
1637  0.6         0  lsf+06     49.28       30.12
1638  16.7        0  mhl+02     *           17.59
1639  64          0  cn95       207.79      *
1640  21.7        0  hfs+04     *           35.23

1641  30.8        0  lsb+17     *           8.93
1642  6.3         0  hfs+04     *           15.28
1643  8.9         0  mhl+02     *           50.42
1644  14.8        0  lsb+17     *           2.89
1645  11          0  hfs+04     *           8.73

1646  13.2        0  mhl+02     *           13.84
1647  35.6        0  lsb+17     *           1.74
1648  1.6         0  jk18       27.05       13.53
1649  15          0  lfl+06     *           8.89
1650  20          0  lcx02      88.64       *

1651  58.5        0  lylg95     139.19      10.89
1652  42          0  hfs+04     *           118.29
1653  3.9         0  hfs+04     208.40      26.99
1654  2.8         0  hfs+04     1.57        0.24
1655  14.6        0  lsb+17     *           25.63

1656  5.1         0  mhl+02     *           33.53
1657  6.9         0  mhl+02     *           17.45
1658  26          0  hfs+04     154.62      7.11
1659  6           0  lwf+04     26.29       *
1660  8.0         0  hfs+04     227.91      16.52

1661  11          0  hfs+04     425.25      12.76
1662  32.5        0  mhl+02     *           30.15
1663  7.9         0  nab+13     *           0.20
1664  5.2         0  nab+13     *           15.52
1665  10.5        0  jk18       *           23.15

1666  4.2         0  jk18       1152.00     73.73
1667  4.6         0  lsb+17     *           4.57
1668  36          0  cn95       21.40       *
1669  11          0  cn95       32.33       *
1670  0.0437      2  mhb+13     *           3.25

1671  50          0  lfl+06     *           4.60
1672  16.4        0  hfs+04     *           37.75
1673  7.6         0  hfs+04     5630.65     114.70
1674  265         0  hfs+04     171.65      12.26
1675  13.0        0  lsf+17     *           60.73

1676  25.8        0  mhl+02     *           185.23
1677  22          0  hfs+04     73.09       4.87
1678  15          0  hfs+04     *           33.80
1679  18          0  hfs+04     331.22      18.55
1680  014         0  lfl+06     *           1.12

1681  0.4         0  cpl+06     *           4.35
1682  0.6         0  cpl+06     *           0.13
1683  1.3         0  cpl+06     *           0.64
1684  0.7         0  cpl+06     *           0.13
1685  0.6         0  cpl+06     *           0.19

1686  0.18        0  stc99      17.17       0.57
1687  0.15        0  lfl+06     *           0.15
1688  9           0  cn95       7.26        *
1689  15          0  lcx02      27.61       3.80
1690  9.9         0  lylg95     68.10       9.08

1691  9           0  cn95       7.40        *
1692  8.1         0  jk18       1926.90     111.04
1693  16          0  kbm+03     *           9.03
1694  0.47        0  pkr+19     *           2.06
1695  19.4        0  lsb+17     *           1.28

1696  77.1        0  jk18       *           60.58
1697  3           0  lfl+06     *           3.59
1698  18          0  lcx02      15.05       2.63
1699  32          0  hfs+04     *           31.19
1700  1.62        0  jk18       *           19.15

1701  4.5         0  lsb+17     *           1.78
1702  14.4        0  mhl+02     *           81.55
1703  6.2         0  hfs+04     144.04      33.24
1704  16          0  lfl+06     *           318.77
1705  12.6        0  hfs+04     *           0.82

1706  25          0  hfs+04     10.85       5.42
1707  7           0  lfl+06     *           42.24
1708  11          0  hfs+04     3.75        0.67
1709  24          0  clm+05     21.62       2.67
1710  14          0  hfs+04     *           34.08

1711  3.6         0  jk18       1127.00     98.00
1712  15          0  lfl+06     *           6.81
1713  7.4         0  kxl+98     69.44       15.62
1714  35.9        0  lylg95     21.70       *
1715  80          0  clm+05     158.17      388.49

1716  8.3         0  hfs+04     *           53.32
1717  48          0  hfs+04     *           11.46
1718  9.0         0  jk18       72.50       5.80
1719  72          0  hfs+04     *           21.61
1720  20          0  hfs+04     *           14.61

1721  1.7         0  nab+13     *           3.95
1722  6.2         0  hfs+04     243.00      24.30
1723  68          0  clm+05     0.67        0.47
1724  3.8         0  jk18       1487.87     235.29
1725  5.9         0  nab+13     *           1.44

1726  0.74        0  eb01b      7.28        0.72
1727  28          0  hfs+04     2.72        1.70
1728  6           0  cn95       0.51        *
1729  10.1        0  lylg95     553.63      27.68
1730  40.5        0  jk18       *           433.70

1731  11.5        0  nab+13     *           38.01
1732  14.5        0  lcm13      *           4.69
1733  62.4        0  nab+13     *           3.18
1734  7.11        0  clh+20     *           21.20
1735  39.2        6  bsb+19     *           7.65

1736  45          0  hfs+04     *           58.73
1737  10.2        0  mhl+02     *           14.67
1738  13.9        0  lylg95     17.79       *
1739  2           0  lfl+06     *           5.54
1740  22          0  hfs+04     25.27       5.37

1741  6.3         0  lcm13      *           17.24
1742  0.17        0  pkr+19     *           0.71
1743  40.3        0  lylg95     635.11      31.76
1744  11          0  lcx02      24.93       *
1745  33.8        0  jk18       5.13        1.69

1746  23.0        0  lsb+17     *           14.29
1747  9.4         0  lcm13      *           33.24
1748  69.1        0  lylg95     105.94      *
1749  14.8        0  lylg95     480.00      22.40
1750  19          0  lcx02      23.70       6.45

1751  0.54        0  lbr+13     *           0.32
1752  27.2        0  nab+13     *           8.92
1753  7.2         0  lcm13      *           5.30
1754  16          0  al81       119.46      *
1755  2.2         0  lsb+17     *           1.79

1756  15.8        0  lylg95     548.90      *
1757  202         0  clh+20     *           28.22
1758  25.4        0  eklk13     *           8.37
1759  16          0  hfs+04     287.20      15.32
1760  14.6        0  lylg95     288.00      46.80

1761  54          0  lcx02      89.36       *
1762  9.7         0  lcm13      *           4.32
1763  3           0  lfl+06     *           19.15
1764  32          0  lcx02      95.58       12.40
1765  9           0  lcx02      21.14       5.29

1766  40          0  rb81       270.31      *
1767  0.28        0  pkr+19     *           2.96
1768  41.6        0  lsb+17     *           1.61
1769  3.4         0  nab+13     *           5.25
1770  30.9        0  lcm13      *           71.34

1771  11.5        0  lsf+17     *           50.01
1772  25          0  lcx02      18.78       *
1773  10.2        0  lcm13      *           18.36
1774  15.0        0  lcm13      *           1.62
1775  17          0  gr78       200.91      7.23

1776  68.6        0  lcm13      *           2.61
1777  15          2  clb+02     *           2.94
1778  0.32        0  pkr+19     *           0.85
1779  22.2        0  clh+20     *           0.38
1780  64.2        0  lsb+17     *           3.00

1781  11          0  lcx02      19.31       5.79
1782  13.0        0  lcm13      *           11.67
1783  5.7         0  jk18       29.12       2.76
1784  50.7        0  lsb+17     *           1.54
1785  1.31        0  pkr+19     *           0.20

1786  5.0         0  jk18       725.00      30.00
1787  5.7         0  lylg95     926.72      142.57
1788  5.1         0  jk18       406.91      31.65
1789  6.8         0  clm+05     42.32       *
1790  29          0  hfs+04     74.03       15.55

1791  25.9        0  lylg95     161.40      *
1792  0.36        0  jbo+07     *           0.97
1793  4.2         0  nab+13     *           9.23
1794  272         0  bfrs18     70.91       12.06
1795  6.0         0  jk18       3312.98     794.02

1796  0.8         0  lcm13      *           3.61
1797  24          0  lcx02      30.58       3.76
1798  2.0         0  jk18       *           10.57
1799  22          0  gr78       42.76       *
1800  46          0  hfs+04     *           5.41

1801  0.4         0  pkr+19     *           0.96
1802  13.0        0  jk18       64.45       13.67
1803  10          0  lwf+04     25.66       *
1804  25.0        0  nab+13     *           8.00
1805  6.8         0  lcm13      11.69       6.90

1806  0.0382      1  mhb+13     2940.00     186.20
1807  13.0        0  lsb+17     *           9.80
1808  9.4         0  nab+13     *           4.95
1809  11          0  cn95       114.37      *
1810  9           0  lfl+06     *           5.07

1811  35.6        0  nab+13     *           29.81
1812  3.1         0  jk18       165.13      24.13
1813  46          0  lcx02      67.64       *
1814  9.2         0  jk18       *           7.48
1815  9.5         0  jk18       18.70       1.74

1816  0.5         0  clm+05     5.79        3.86
1817  22.9        0  jk18       127.37      5.09
1818  40          0  lcx02      45.19       *
1819  50          0  al81       60.07       8.01
1820  48.8        0  clh+20     *           9.02

1821  28          0  lcx02      64.84       *
1822  10.1        0  jk18       *           5.98
1823  13.5        0  lylg95     3.60        0.90
1824  22          0  rb81       106.24      6.13
1825  8.6         0  nab+13     *           33.11

1826  9.3         0  jk18       90.82       4.88
1827  25.9        0  jk18       *           5.31
1828  6.5         0  nab+13     *           3.66
1829  72          8  dsb+98     33.94       *
1830  5.2         0  lsb+17     *           18.14

1831  9.2         0  nab+13     *           47.06
1832  19.3        0  lylg95     8485.76     485.74
1833  19.6        0  nab+13     *           6.37
1834  10.4        0  lylg95     5.69        0.44
1835  0.34        0  kls+15     *           6.29

1836  20          0  cn95       2.75        *
1837  1.3         0  kla+11     *           8.56
1838  4.7         0  lylg95     63.00       9.00
1839  17          0  cn95       243.47      *
1840  0.49        0  hrs+07     *           2.12

1841  26.3        0  nab+13     *           6.06
1842  1.9         0  lsb+17     *           1.74
1843  6.0         0  lylg95     1.90        2.30
1844  1.8         0  kxl+98     596.30      43.73
1845  6.0         0  lylg95     124.24      19.11

1846  14.9        0  jk18       *           10.01
1847  0.035       0  fbb+90     39.20       0.78
1848  8           0  cn95       9.59        *
1849  17.5        0  lylg95     229.38      50.05
1850  24.8        0  lylg95     2164.78     200.14

1851  14.8        0  lsb+17     *           3.53
1852  21.3        0  lylg95     928.00      115.20
1853  38.0        0  jk18       26.94       2.36
1854  20.8        0  nab+13     *           45.95
1855  78.3        0  jk18       138.50      32.55

1856  11.8        0  nab+13     *           9.83
1857  8.3         0  clm+05     10.48       *
1858  16          0  akc+13     *           105.92
1859  8.7         0  nab+13     *           5.82
1860  11          0  cn95       43.85       *

1861  26.7        0  nab+13     *           8.00
1862  0.28        0  jbo+07     *           6.15
1863  13.6        0  nab+13     *           18.65
1864  0.23        0  pkr+19     *           4.16
1865  28.8        0  nab+13     *           20.05

1866  30.6        0  nab+13     *           28.42
1867  2.9         0  nab+13     *           2.95
1868  22.7        0  lylg95     1319.17     324.72
1869  46          0  cn95       0.31        *
1870  1.3         0  naf03      15.43       *

1871  5           0  naf03      26.52       *
1872  14.9        0  lylg95     301.57      28.81
1873  6.7         0  nab+13     *           10.57
1874  9.9         0  rhr+02     *           0.32
1875  12.0        0  lylg95     313.11      167.58

1876  7.4         0  lylg95     249.48      87.48
1877  4.7         0  lylg95     27.53       9.32
1878  6           0  lcx02      74.19       *
1879  22.3        0  lylg95     599.48      19.98
1880  22          0  rb81       203.90      *

1881  10.7        0  lylg95     141.19      18.83
1882  24.5        0  jk18       90.12       3.86
1883  23.7        0  lylg95     208.04      20.13
1884  16          0  lxf+05     11.88       *
1885  10.4        0  clm+05     21.18       *

1886  20.8        0  lylg95     781.24      66.41
1887  9.6         0  lylg95     119.67      17.69
1888  14.0        0  lylg95     86.68       5.65
1889  9.8         0  jk18       104.69      19.85
1890  6           0  naf03      105.29      *

1891  61          0  bfrs18     13.59       1.70
1892  0.44        0  stc99      17.05       6.04
1893  1.7         0  bfrs18     *           0.01
1894  24.4        0  jk18       30.71       6.35
1895  16.9        0  lylg95     80.89       *

1896  7.2         0  lylg95     700.00      65.00
1897  13.8        0  jk18       90.51       7.54
1898  27.2        0  lylg95     491.08      101.99
1899  13.0        0  lylg95     36.73       2.24
1900  32.1        0  lylg95     1086.94     89.79

1901  7.7         0  jk18       5625.00     500.00
1902  0.524       6  mhb+13     2.86        0.76
1903  22.9        0  jk18       251.33      21.54
1904  2.5         0  wkm+89     342.79      40.33
1905  3.4         0  and93      201.64      *

1906  1.3         0  and93      129.05      *
1907  1.3         0  and93      68.56       *
1908  0.8         0  and93      48.39       *
1909  0.8         0  and93      28.23       *
1910  0.8         0  and93      26.21       *

1911  0.7         0  and93      32.26       *
1912  0.262       2  mhb+13     143.36      13.11
1913  16.5        0  jk18       0.41        0.02
1914  0.337       2  mhb+13     17.31       3.88
1915  18.1        0  lylg95     246.91      22.38

1916  11.1        0  lylg95     203.30      26.06
1917  23          0  lwf+04     5.84        *
1918  24          0  lwf+04     1312.50     *
1919  16.0        0  jk18       20.22       2.02
1920  50          0  tml93      2.28        *

1921  9           0  cn95       100.57      *
1922  38.6        0  lylg95     883.05      142.97
1923  8           0  cn95       54.78       *
1924  8.6         6  jml+09     *           3.67
1925  51.2        0  lylg95     3937.50     562.50

1926  8           0  cn95       36.53       *
1927  13          2  jml+09     36.23       4.90
1928  7.5         0  lylg95     632.45      17.09
1929  21.1        0  lylg95     17.82       1.62
1930  0.58        0  kxl+98     42.12       2.92

1931  4           1  hcg+01     13.50       2.25
1932  25.8        0  lylg95     154.43      7.27
1933  43          0  cn95       52.00       *
1934  2.57        0  cam95a     7.11        *
1935  0.195       0  bbb+13     *           1.19

1936  10          0  tpc+11     *           142.90
1937  0.07        0  kjr+11     *           1.81
1938  25.8        0  lylg95     9.68        1.61
1939  18          2  cml05      100.00      *
1940  8.4         0  jk18       176.00      8.00

1941  40.0        3  mke+20     *           0.27
1942  8           0  cn95       34.77       *
1943  14.8        0  lylg95     306.00      82.80
1944  25          0  snt97      120.28      *
1945  17.4        0  lylg95     453.68      41.59

1946  11          0  cn95       0.49        *
1947  26.9        0  lylg95     81.81       8.18
1948  8.8         0  lylg95     100.00      16.85
1949  0.46        0  kxl+98     88.65       18.66
1950  20.2        0  lylg95     57.67       3.46

1951  131.1       0  lylg95     262.44      87.48
1952  0.11        1  sbb+18     *           0.01
1953  9.62        0  clh+20     *           90.00
1954  41.1        0  jk18       5.83        1.46
1955  131.2       0  lylg95     188.57      49.50

1956  14.7        0  lylg95     126.98      32.86
1957  10          1  mbc+20     2.87        *
1958  6.4         0  jk18       31.14       2.15
1959  14.5        0  lylg95     4.90        0.69
1960  48.6        0  jk18       150.89      27.43

1961  10.4        0  lylg95     101.13      29.74


