#------------------------------
#     W50        R_LUM      
#      (ms)       (mJy kpc^2) 
#------------------------------
2     88.7       44.16      
10    12.2       43.92      
13    21.7       46.57      
15    73.0       27.75      
16    11.8       3.78       
17    89.7       53.12      
19    22.5       45.27      
21    4.1        23.76      
27    5.2        189.28     
28    34.9       259.21     
29    7.0        29.88      
33    33.4       20.73      
39    34.0       7.39       
44    42.7       30.84      
46    6.6        4309.04    
47    6.1        35.69      
49    44.9       10.76      
51    12.5       153.06     
52    3.9        46.00      
54    18.4       309.91     
56    4.4        11.98      
65    8.1        82.15      
69    22.7       18.79      
81    3.0        2200.00    
97    5.3        4.58       
108   8.8        302.73     
119   13.9       35.84      
124   6.0        0.85       
143   12.2       17.15      
151   41.4       14.74      
162   5.8        18.07      
178   22.8       1.95       
198   38.0       5.03       
215   6.9        12.24      
217   40.8       3.18       
234   41.6       3.96       
304   16.6       10.22      
404   6.0        7500.00    
423   6.7        2500.00    
436   19.6       13.00      
563   10.9       502.74     
613   25.7       37.35      
646   46.2       2715.18    
671   10.8       106.70     
705   37.6       168.69     
721   11.9       25.38      
727   25.7       9.14       
749   14.7       16.67      
790   17.4       53.87      
854   27.4       6.29       
880   8.7        1.48       
898   11.4       89.79      
934   12.2       6.89       
969   59.0       122.22     
970   16.2       12.69      
975   20.6       36.98      
1000  14.4       23.42      
1027  9.6        18.43      
1076  6.5        0.12       
1077  14.6       74.51      
1100  12.3       132.81     
1130  11.4       191.40     
1170  11.4       559.91     
1236  13.2       196.83     
1246  12.2       193.42     
1297  10.2       72.00      
1304  6.0        322.10     
1317  10.3       27.71      
1366  30.2       57.30      
1427  27.1       44.11      
1434  7.9        55.38      
1505  65.0       9.59       
1547  18.9       381.98     
1613  16.0       3564.48    
1651  58.5       139.19     
1690  9.9        68.10      
1714  35.9       21.70      
1729  10.1       553.63     
1738  13.9       17.79      
1743  40.3       635.11     
1748  69.1       105.94     
1749  14.8       480.00     
1756  15.8       548.90     
1760  14.6       288.00     
1787  5.7        926.72     
1791  25.9       161.40     
1823  13.5       3.60       
1832  19.3       8485.76    
1834  10.4       5.69       
1838  4.7        63.00      
1843  6.0        1.90       
1845  6.0        124.24     
1849  17.5       229.38     
1850  24.8       2164.78    
1852  21.3       928.00     
1868  22.7       1319.17    
1872  14.9       301.57     
1875  12.0       313.11     
1876  7.4        249.48     
1877  4.7        27.53      
1879  22.3       599.48     
1881  10.7       141.19     
1883  23.7       208.04     
1886  20.8       781.24     
1887  9.6        119.67     
1888  14.0       86.68      
1895  16.9       80.89      
1896  7.2        700.00     
1898  27.2       491.08     
1899  13.0       36.73      
1900  32.1       1086.94    
1915  18.1       246.91     
1916  11.1       203.30     
1922  38.6       883.05     
1925  51.2       3937.50    
1928  7.5        632.45     
1929  21.1       17.82      
1932  25.8       154.43     
1938  25.8       9.68       
1943  14.8       306.00     
1945  17.4       453.68     
1947  26.9       81.81      
1948  8.8        100.00     
1950  20.2       57.67      
1951  131.1      262.44     
1955  131.2      188.57     
1956  14.7       126.98     
1959  14.5       4.90       
1961  10.4       101.13     
4     3.2        424.36   
36    3.4        201.64   
37    1.3        129.05   
38    1.3        68.56    
39    0.8        48.39    
40    0.8        28.23    
41    0.8        26.21    
42    0.7        32.26    
